0.005045
0.002167
0.016410
0.018961
0.001823
0.019302
0.012768
0.028379
0.002549
0.001521
0.001471
0.001821
0.015789
0.001444
0.001628
0.001484
0.014855
0.017760
0.002495
0.023122
0.001627
0.016507
0.020071
0.001409
0.014212
0.016426
0.001347
0.018301
0.016925
0.002200
0.023223
0.001577
0.001609
0.015085
0.016079
0.036975
0.022828
0.018495
0.020751
0.085327
0.026358
0.001246
0.001512
0.001457
0.001738
0.017325
0.020952
0.001725
0.021191
0.022163
0.032216
0.011366
0.022281
0.018498
0.018021
0.001589
0.001661
0.001587
0.001452
0.019748
0.001792
0.001652
0.014701
0.016947
0.018249
0.001397
0.024260
0.013447
0.001519
0.003355
0.001712
0.016290
0.014426
0.021652
0.015045
0.013914
0.014911
0.019420
0.011330
0.001538
0.001864
0.020304
0.002209
0.001612
0.001376
0.001529
0.016661
0.002167
0.016205
0.019407
0.011414
0.001744
0.017748
0.001217
0.020797
0.001624
0.019827
0.001352
0.033287
0.022970
0.001761
0.001541
0.016549
0.011963
0.019166
0.001613
0.016492
0.001706
0.002182
0.001380
0.014584
0.013297
0.016138
0.015904
0.002724
0.014556
0.013722
0.005828
0.014191
0.014628
0.001742
0.001851
0.001532
0.017630
0.001255
0.026562
0.016465
0.019496
0.017967
0.034805
0.002359
0.014062
0.001992
0.001416
0.011578
0.001498
0.021383
0.015720
0.027364
0.016724
0.016943
0.015181
0.001394
0.001394
0.002494
0.001362
0.011867
0.001556
0.001595
0.011216
0.011244
0.001390
0.001431
0.016769
0.016351
0.011705
0.012029
0.011101
0.001728
0.010759
0.015717
0.002345
0.024223
0.001452
0.010675
0.006393
0.001411
0.014251
0.001948
0.040465
0.001415
0.015843
0.010580
0.001671
0.015093
0.001591
0.012485
0.001811
0.028471
0.013786
0.001472
0.030119
0.001613
0.014612
0.013536
0.005065
0.012792
0.001829
0.016865
0.002215
0.001760
0.013859
0.016074
0.019579
0.001698
0.001533
0.001659
0.020760
0.025538
0.001891
0.020020
0.001679
0.017703
0.005536
0.001373
0.015310
0.001799
0.002001
0.014139
0.008887
0.019513
0.012928
0.010980
0.011959
0.002146
0.002664
0.011900
0.012354
0.001488
0.015699
0.011154
0.020762
0.002576
0.001444
0.001467
0.015036
0.001526
0.001558
0.001438
0.001484
0.002149
0.020958
0.019825
0.020877
0.014323
0.013984
0.012682
0.001351
0.015723
0.013837
0.001615
0.002045
0.011517
0.016604
0.001521
0.016508
0.020874
0.010160
0.001800
0.055825
0.017480
0.010144
0.014343
0.013569
0.015166
0.017312
0.001461
0.002174
0.015572
0.013797
0.018656
0.001651
0.001587
0.001428
0.010381
0.009906
0.001808
0.001371
0.001378
0.016540
0.001436
0.017948
0.016965
0.013185
0.014407
0.011137
0.038212
0.001722
0.011777
0.014962
0.014062
0.001943
0.001667
0.029138
0.021709
0.014741
0.020201
0.021663
0.001806
0.011954
0.001838
0.011617
0.019662
0.016862
0.001410
0.020917
0.026373
0.018626
0.014515
0.001759
0.016695
0.001697
0.001674
0.018050
0.001550
0.014256
0.001452
0.001527
0.001952
0.032798
0.001509
0.001666
0.001522
0.019007
0.015598
0.016460
0.001602
0.021169
0.011649
0.001356
0.012348
0.001386
0.001613
0.021342
0.014777
0.019829
0.013772
0.015199
0.010895
0.001591
0.001623
0.001917
0.016873
0.012416
0.001506
0.012484
0.014213
0.001456
0.001683
0.010495
0.016135
0.018945
0.001399
0.019616
0.021762
0.001402
0.001593
0.020840
0.002003
0.016675
0.010486
0.014562
0.012582
0.001454
0.015955
0.019016
0.001682
0.001534
0.036598
0.014055
0.001489
0.018613
0.020042
0.001663
0.001415
0.001456
0.021589
0.011167
0.001444
0.001688
0.032864
0.015547
0.011494
0.015265
0.001491
0.015172
0.014977
0.010874
0.001783
0.019065
0.007748
0.010367
0.001480
0.001635
0.017886
0.006263
0.017897
0.024078
0.001494
0.001525
0.005270
0.023589
0.005481
0.001836
0.021675
0.013310
0.021815
0.016516
0.002077
0.029071
0.011882
0.014658
0.001889
0.018156
0.002031
0.002252
0.016493
0.002463
0.018126
0.010852
0.015769
0.008865
0.019141
0.002318
0.018755
0.014252
0.002350
0.002250
0.002082
0.014890
0.018976
0.022104
0.019965
0.022170
0.002262
0.002358
0.016136
0.002051
0.011313
0.001828
0.002072
0.020169
0.018392
0.002149
0.012925
0.013969
0.002045
0.019595
0.002491
0.006600
0.012270
0.020863
0.006077
0.018626
0.001984
0.007461
0.018745
0.021227
0.001916
0.014611
0.026280
0.002136
rank:31	length:452	cost:23.30.006088
0.003053
0.002209
0.001930
0.002005
0.001728
0.001952
0.001973
0.001967
0.010461
0.025090
0.018187
0.019275
0.011293
0.037575
0.017695
0.001661
0.001675
0.001904
0.013026
0.016109
0.002199
0.011871
0.018883
0.002177
0.018001
0.001581
0.017402
0.014403
0.003342
0.001651
0.001384
0.013268
0.015469
0.016616
0.018387
0.014170
0.012691
0.001767
0.001520
0.017710
0.028089
0.002482
0.004826
0.014093
0.015431
0.018869
0.012837
0.011844
0.001557
0.001668
0.001581
0.001747
0.001893
0.022037
0.002414
0.002080
0.014836
0.012979
0.001584
0.014745
0.012124
0.018792
0.015681
0.001735
0.016421
0.006043
0.017134
0.008440
0.001463
0.001611
0.020845
0.001941
0.013904
0.015311
0.001375
0.001413
0.028339
0.001654
0.022417
0.022679
0.014061
0.009276
0.019541
0.013568
0.011720
0.006849
0.001968
0.001517
0.015166
0.015331
0.001636
0.019045
0.015589
0.015967
0.011997
0.001549
0.001794
0.017546
0.001641
0.018413
0.018221
0.017863
0.014567
0.001569
0.015317
0.019538
0.021261
0.002410
0.018724
0.001564
0.001547
0.014143
0.001500.019299
0.002404
0.014431
0.022774
0.015062
0.001722
0.001620
0.001667
0.015566
0.002875
0.002042
0.019349
0.030526
0.001833
0.002577
0.001766
0.012216
0.015289
0.015756
0.001974
0.001875
0.019939
0.001540
0.011094
0.001725
0.001673
0.001422
0.016177
0.001942
0.012832
0.028864
0.012591
0.014806
0.017876
0.014768
0.001465
0.001588
0.030972
0.015246
0.001771
0.001427
0.001483
0.031360
0.003551
0.002429
0.018607
0.001395
0.021730
0.012796
0.011632
0.015689
0.013019
0.001569
0.001658
0.012554
0.019215
0.019857
0.014948
0.011950
0.024010
0.001521
0.018302
0.024910
0.012174
0.013792
0.002378
0.015586
0.014484
0.017874
0.024362
0.012706
0.012244
0.016474
0.001872
0.011489
0.001476
0.001425
0.014061
0.017780
0.014433
0.001730
0.002004
0.001393
0.001851
0.022222
0.012775
0.014679
0.001780
0.022751
0.001396
0.018099
0.020563
0.020406
0.009466
0.016643
0.001537
0.001808
0.001721
0.001559
0.001468
0.012395
0.001520
0.002887
0.013978
0.015124
0.018714
0.001490
0.010313
0.014762
0.012299
0.012586
0.011137
0.001786
0.008310
0.001697
0.001456
0.022704
0.019036
0.007632
0.015210
0.001784
0.011244
0.017692
0.001738
0.011506
0.007593
0.002034
0.010171
0.008817
0.006293
0.013792
0.001431
0.018948
0.005288
0.031268
0.021196
0.009459
0.011060
0.007397
0.014677
0.033813
0.001684
0.036391
0.021409
0.021219
0.014985
0.001529
0.001640
0.001933
0.011671
0.002031
0.015867
0.001631
0.018024
0.003987
0.002058
0.018381
0.001568
0.009105
0.001710
0.018049
0.011562
0.001629
0.016319
0.014488
0.020793
0.011331
0.001406
0.001361
0.025867
0.018137
0.001455
0.001661
0.012874
0.017312
0.001486
0.016615
0.001818
0.017480
0.001479
0.010059
0.001600
0.011105
0.010725
0.010782
0.010832
0.014729
0.012947
0.015177
0.015893
0.005527
0.015822
0.002242
0.015830
0.028026
0.001522
0.001438
0.001861
0.014705
0.012609
0.014486
0.002045
0.022639
0.001629
0.020507
0.015872
0.001403
0.007185
0.002002
0.019485
0.001596
0.001556
0.006066
0.001697
0.017804
0.018746
0.012072
0.001779
0.001456
0.019158
0.001508
0.016509
0.011702
0.001386
0.001522
0.019702
0.001579
0.0014
0.015083
0.012230
0.015564
0.018565
0.001551
0.001705
0.001793
0.001568
0.007465
0.001742
0.011378
0.015278
0.001632
0.008516
0.015176
0.030931
0.020750
0.004695
0.032392
0.001896
0.005541
0.001970
0.018563
0.001412
0.001511
0.001859
0.017711
0.001544
0.015703
0.019168
0.001831
0.010154
0.021334
0.001691
0.014199
0.016718
0.014447
0.014015
0.002367
0.008773
0.014205
0.014177
0.001329
0.001626
0.001288
0.001723
0.016739
0.001602
0.001772
0.017637
0.001610
0.017966
0.001410
0.001540
0.001516
0.015480
0.017855
0.010003
0.022236
0.001525
0.002697
0.017358
0.016224
0.026357
0.019585
0.013260
0.012384
0.012881
0.001565
0.001311
0.012216
0.001522
0.025814
0.016613
0.032015
0.017532
0.019278
0.015595
0.017248
0.017153
0.012098
0.030232
0.001661
0.015587
0.014081
0.018047
0.015828
0.009013
0.019172
0.015407
0.001597
0.017120
0.001639
0.020894
0.001401
0.017845
0.003004
0.001774
0.001456
0.002339
0.012731
0.012099
0.001583
0.001417
0.018613
0.015448
0.001460
0.014665
0.010072
0.015692
0.016832
0.001304
0.001812
0.009692
0.001408
0.016891
0.001311
0.011290
0.014774
0.012278
0.015806
0.008805
0.014941
0.001601
0.001544
0.014634
0.013585
0.015481
0.002024
0.020966
0.001355
0.001230
0.001522
0.001559
0.014458
0.001658
0.015517
0.016565
0.011838
0.001537
0.014433
0.023003
0.001564
0.015170
0.001657
0.001527
0.015701
0.001474
0.010988
0.001545
0.001648
0.001442
0.009973
0.001373
0.016729
0.016307
0.014473
0.001407
0.013267
0.018475
0.007756
0.001774
0.012925
0.010458
0.001431
0.001432
0.014907
0.011796
0.011320
0.020286
0.001517
0.018620
0.015878
0.001843
0.001469
0.001457
0.031291
0.001557
0.001378
0.016007
0.001498
0.018853
0.011619
0.001664
0.001314
0.016530
0.012102
0.010713
0.001406
0.012407
0.001438
0.001625
0.012677
0.018689
0.001457
0.001478
0.013371
0.001458
0.007234
0.017051
0.001435
0.014477
0.001446
0.015018
0.001507
0.016637
0.034797
rank:15	length:321	cost:18.55
728
0.001567
0.014081
0.014997
0.001490
0.001581
0.011409
0.016755
0.012393
0.021882
0.038859
0.001687
0.007601
0.001581
0.012311
0.011724
0.021083
0.013136
0.001900
0.001675
0.014795
0.001766
0.019952
0.010184
0.001386
0.016754
0.008817
0.015257
0.013971
0.008759
0.001265
0.001455
0.001487
0.021029
0.017244
0.009288
0.030482
0.021383
0.001456
0.020043
0.009484
0.001362
0.056410
0.019180
0.033081
0.011666
0.017201
0.010167
0.001554
0.001680
0.015781
0.018087
0.001465
0.006810
0.001536
0.018843
0.014304
0.001459
0.001408
0.001708
0.001429
0.012883
0.009636
0.014321
0.001390
0.001570
0.001739
0.034201
0.036956
0.019820
0.015318
0.001594
0.018949
0.001529
0.016246
0.011948
0.001433
0.001494
0.001599
0.012445
0.001845
0.001606
0.009831
0.001438
0.024170
0.002363
0.010336
0.001764
0.012492
0.005765
0.007491
0.017461
0.001550
0.022680
0.012525
0.005678
0.001782
0.001545
0.001474
0.001716
0.018907
0.011548
0.013237
0.001520
0.009373
0.001453
0.002110
0.012682
0.034950
0.005092
0.011543
0.020335
0.014507
0.011738
0.00.019196
0.002402
0.002115
0.044907
0.021601
0.001475
0.002057
0.001571
0.001545
0.036585
0.012286
0.020971
0.016629
0.017297
0.019510
0.002346
0.002403
0.001954
0.018702
0.018364
0.020489
0.002018
0.001525
0.001496
0.001699
0.001649
0.016987
0.020615
0.017060
0.022047
0.001572
0.017644
0.001835
0.002069
0.018545
0.014469
0.022171
0.021428
0.009800
0.001622
0.017543
0.002179
0.002050
0.016278
0.018258
0.002447
0.021714
0.019236
0.018434
0.013119
0.025733
0.010067
0.013412
0.013762
0.014341
0.001661
0.022184
0.022172
0.002648
0.001882
0.011500
0.014673
0.019872
0.021690
0.025785
0.001302
0.019274
0.017637
0.013538
0.014163
0.001539
0.017817
0.001630
0.022415
0.017047
0.014656
0.014782
0.001590
0.013052
0.002033
0.010936
0.018701
0.013030
0.019520
0.018351
0.011368
0.001899
0.012555
0.018208
0.001504
0.035943
0.014267
0.012880
0.001666
0.013249
0.001553
0.002018
0.016291
0.001918
0.010425
0.013026
0.001460
0.017787
0.001217
0.015311
0.014021
0.016164
0.001570
0.001280
0.020756
0.001643
0.009364
0.001581
0.0013219529
0.001610
0.001533
0.008602
0.013750
0.001512
0.001792
0.014193
0.014140
0.001462
0.016125
0.019401
0.001570
0.001626
0.015450
0.001540
0.001660
0.023331
rank:29	length:359	cost:20.20
3
0.016863
0.001589
0.001662
0.001698
0.001604
0.002069
0.016529
0.016510
0.001277
0.010242
0.013361
0.012878
0.018058
0.019213
0.021342
0.013284
0.002017
0.001763
0.016765
0.002034
0.001702
0.001376
0.001865
0.018359
0.018995
0.001423
0.002131
0.019011
0.019499
0.001835
0.001679
0.015158
0.012711
0.011381
0.001537
0.017309
0.001964
0.018850
0.001448
0.001592
0.017994
0.014804
0.021419
rank:14	length:157	cost:10.22
0.008417
0.019270
0.002550
0.002181
0.001658
0.020552
0.016734
0.017036
0.014950
0.018689
0.013126
0.009241
0.002119
0.023388
0.010896
0.001622
0.033716
0.001420
0.018860
0.037789
0.001927
0.013539
0.001621
0.009551
0.021011
0.011811
0.014463
0.001806
0.015575
0.019869
0.016835
0.001518
0.001878
0.014035
0.012521
0.001292
0.015098
0.001733
0.016556
0.010939
0.018711
0.005437
0.012440
0.011901
0.001888
0.001525
0.002147
0.011314
0.032213
0.022587
0.001561
0.002413
0.014344
0.016260
0.008368
0.021426
0.016507
0.001879
0.017832
0.001538
0.017570
0.001886
0.016244
0.017513
0.007242
0.002425
0.005417
0.002819
0.001697
0.001569
0.018435
0.012702
0.016117
0.014336
0.001621
0.022394
0.021529
0.001671
0.014473
0.016432
0.016224
0.012706
0.001573
0.011264
0.001551
0.001374
0.001537
0.016041
0.001515
0.017894
0.010870
0.001904
0.018584
0.001312
0.001444
0.001255
0.007264
0.021553
0.016499
0.023089
0.001543
0.026354
0.016438
0.018532
0.001675
0.020508
0.008059
0.013692
0.024886
0.001450
0.011765
0.015655
0.010991
0.014000.022346
0.017628
0.001587
0.014335
0.002020
0.012161
0.001820
0.034231
0.021197
0.014661
0.001688
0.018848
0.013604
0.013242
0.021606
0.001777
0.015501
0.001428
0.010261
0.022115
0.028230
0.015794
0.014963
0.012822
0.021187
0.001708
0.028065
0.001619
0.018764
0.001477
0.017451
0.002297
0.013892
0.001626
0.001437
0.001550
0.001771
0.001802
0.014103
0.019459
0.014987
0.002042
0.012047
0.017601
0.012730
0.001527
0.010817
0.001946
0.015114
0.021356
0.012606
0.001964
0.029447
0.003606
0.014568
0.001314
0.001780
0.019528
0.011932
0.011735
0.001355
0.012401
0.011461
0.001497
0.016705
0.012075
0.001459
0.001776
0.012825
0.015255
0.001498
0.002503
0.020569
0.018370
0.011282
0.017082
0.001707
0.001497
0.001648
0.001757
0.001799
0.001428
0.002151
0.023411
0.001559
0.056990
0.010419
0.014158
0.011395
0.001259
0.012247
0.001289
0.037546
0.020908
0.031206
0.001645
0.001628
0.019468
0.001623
0.001630
0.009049
0.001577
0.014769
0.010406
0.014833
0.008516
0.016483
0.001585
0.032495
0.001676
0.015762
0.012362
0.001606
0.035862
0.015197
0.013976
0.001468
0.001801
0.020109
0.001398
0.001913
0.016774
0.018723
0.001747
0.001766
0.009529
0.014358
0.011609
0.001421
0.001700
0.019155
0.018364
0.001314
0.017137
0.012287
0.001833
0.001591
0.001529
0.017096
0.021481
0.002314
0.016549
0.012535
0.001522
0.001518
0.015895
0.001583
0.001680
0.027610
0.001404
0.016207
0.035915
0.014945
0.010102
0.001588
0.013828
0.020273
0.001515
0.010126
0.019557
0.002043
0.001807
0.019153
0.029839
0.001569
0.021013
0.017072
0.001348
0.014145
0.001550
0.001524
0.001896
0.001715
0.001797
0.020766
0.016348
0.001726
0.002551
0.001582
0.020567
0.001520
0.001514
0.009993
0.027297
0.002610
0.002059
0.002694
0.019042
0.016886
0.001619
0.024513
0.001387
0.012502
0.013352
0.014552
0.001609
0.014836
0.012854
0.013016
0.014013
0.014000
0.015091
0.001666
0.001554
0.001589
0.001598
0.001924
0.018685
0.011918
0.001723
0.019541
0.001405
0.001419
0.020690
0.012273
0.013321
0.001543
0.015787
0.016354
0.018169
rank:30	length:220	cost:12.83
8
0.017736
0.001736
0.014003
0.016040
0.001606
0.030618
0.001275
0.019393
0.001546
0.017530
0.019034
0.001173
0.012358
0.001571
0.001415
0.012144
0.026062
0.001223
0.017338
0.019151
0.001285
0.001338
0.001714
0.018380
0.011835
0.001616
0.013349
0.010465
0.002084
0.006465
0.012685
0.016801
0.034248
0.001579
0.001300
0.018075
0.013943
0.015953
0.021970
0.001876
0.021064
0.015612
0.023356
0.001641
0.001841
0.001457
0.011309
0.016204
0.020837
0.001546
0.001962
0.021812
0.020177
0.012920
0.019532
0.014818
0.001742
0.001530
0.016378
0.011902
0.020064
0.001635
0.021169
0.017310
0.002006
0.002760
0.001875
0.017493
0.017764
0.012121
0.002218
0.019668
0.017296
0.011953
0.015666
0.020063
0.016184
0.001453
0.014171
0.001568
0.016468
0.001480
0.020487
0.010911
0.012052
0.001408
0.001188
0.016242
0.011823
0.018816
0.027595
0.001851
0.001587
0.001824
0.001557
0.010492
0.020116
0.016301
0.017163
0.019826
0.001765
0.001370
0.008552
0.019819
0.001534
0.001622
0.001649
0.018847
0.037901
0.020524
0.001907
0.001546
0.011545
0.0080.027935
0.002313
0.001988
0.017662
0.002197
0.013067
0.018185
0.019353
0.016885
0.001741
0.017556
0.019752
0.001867
0.002034
0.001975
0.019600
0.014179
0.001509
0.001926
0.024075
0.022866
0.013261
0.015650
0.012865
0.001656
0.013324
0.016873
0.001685
0.001528
0.001419
0.019746
0.020645
0.014881
0.012905
0.013591
0.017478
0.016632
0.001369
0.013769
0.001368
0.011668
0.036188
0.026249
0.020720
0.042481
0.013124
0.017530
0.001797
0.001428
0.001435
0.017406
0.001807
0.002126
0.014436
0.001850
0.001513
0.014449
0.001572
0.022351
0.017150
0.001461
0.016197
0.014720
0.001734
0.016475
0.013496
0.015815
0.001489
0.018607
0.001907
0.010036
0.001753
0.018884
0.011717
0.001648
0.002564
0.015643
0.002185
0.015233
0.001363
0.010568
0.015833
0.001590
0.018324
0.001525
0.010681
0.006488
0.017842
0.015863
0.012338
0.001566
0.001588
0.015218
0.001779
0.001975
0.001451
0.016851
0.001417
0.016192
0.014430
0.001386
0.013254
0.014376
0.014637
0.014919
0.001688
0.001761
0.002177
0.001760
0.011014
0.011745
0.011086
0.016727
0.03637783
0.013163
0.012436
0.024606
0.001739
0.002098
0.020881
0.016364
0.032812
0.008323
0.018610
0.019186
0.001811
0.021526
0.016736
0.001544
0.012997
0.012016
0.014521
0.023119
0.015519
0.012732
0.001808
0.001460
0.020634
0.023266
0.008904
0.001670
0.001534
0.018243
0.020257
0.010216
0.022927
0.023862
0.001380
0.017188
0.024728
0.021360
0.021992
0.018818
0.001452
0.028997
rank:11	length:269	cost:16.86
5
0.001832
0.001786
0.016084
0.018149
0.015263
0.012628
0.001426
0.001581
0.001521
0.014299
0.016200
0.001531
0.020996
0.001753
0.001545
0.016941
0.019854
0.015941
0.017014
0.002797
0.020506
0.001294
0.011283
0.001540
0.001561
0.001883
0.018083
0.001575
0.017768
0.013787
0.010407
0.002206
0.001614
0.012010
0.015155
0.001744
0.001534
0.017344
0.014868
0.001426
0.001327
0.001682
0.011354
0.015215
0.016425
0.001726
0.002331
0.014952
0.011846
0.001359
0.016827
0.001856
0.018471
0.010655
0.019165
0.013889
0.010898
0.001476
0.001917
0.037982
0.017479
0.019952
0.002335
0.002442
0.016768
0.001484
0.018700
0.001722
0.013951
0.002137
0.016420
0.001569
0.017005
0.013955
0.001767
0.012070
0.016771
0.023251
0.028519
0.017181
0.015284
0.016920
0.013244
0.001604
0.014426
0.020573
0.001500
0.001505
0.014866
0.015250
0.021485
0.002107
0.002057
0.013680
0.001589
0.013396
0.001613
0.021437
0.015536
0.001533
0.010837
0.020271
0.001257
0.001461
0.024637
0.001555
0.001376
0.001601
0.012889
0.021710
0.006366
0.015753
0.011661
0.0180.016628
0.002268
0.019894
0.019904
0.001912
0.001486
0.013610
0.002431
0.001687
0.013901
0.019183
0.025517
0.015462
0.015090
0.002253
0.012331
0.001616
0.001570
0.002638
0.018006
0.017620
0.021443
0.002320
0.002093
0.001376
0.017025
0.016837
0.001518
0.001591
0.011998
0.001335
0.015770
0.014797
0.018539
0.023422
0.001654
0.016694
0.013366
0.001922
0.015969
0.001559
0.019484
0.001485
0.012351
0.011748
0.002738
0.018318
0.020332
0.002894
0.001893
0.013918
0.012531
0.015000
0.001553
0.001340
0.002371
0.001316
0.001464
0.001432
0.019200
0.020631
0.016282
0.015087
0.016097
0.013082
0.001572
0.020724
0.016896
0.017139
0.029568
0.001655
0.017749
0.014801
0.001544
0.018330
0.013122
0.019351
0.001497
0.001503
0.012642
0.017567
0.013878
0.016564
0.001807
0.018004
0.031536
0.016529
0.012211
0.019857
0.001557
0.015385
0.001615
0.013857
0.017062
0.001327
0.019164
0.001513
0.015200
0.015826
0.001386
0.018191
0.001792
0.001769
0.001429
0.021441
0.018243
0.026354
0.016740
0.001986
0.017801
0.001421
0.025759
0.018484
0.00981190
0.018645
0.002166
0.019726
0.018698
0.017157
0.011770
0.011842
0.018542
0.001454
0.001905
0.013257
0.011659
0.001607
0.016203
0.010261
0.001837
0.001543
0.007005
0.001332
0.001468
0.016328
0.008410
0.016255
0.001529
0.016666
0.015455
0.001511
0.014011
rank:19	length:256	cost:14.75
9
0.010425
0.001381
0.005161
0.013215
0.021028
0.001887
0.001610
0.001564
0.016596
0.030179
0.001338
0.001491
0.006855
0.016995
0.018457
0.001304
0.001750
0.013585
0.023606
0.001591
0.001754
0.029610
0.010384
0.018119
0.008780
0.012124
0.016894
0.001214
0.014737
0.001899
0.015060
0.001628
0.001482
0.016773
0.001803
0.017868
0.001795
0.012170
0.001354
0.016727
0.017234
0.001524
0.018520
0.001527
0.008609
0.001403
0.005069
0.013917
0.001527
0.013970
0.001447
0.021522
0.001445
0.008625
0.022236
0.021781
0.001484
0.005251
0.017364
0.014361
0.016457
0.010344
0.001635
0.002167
0.001853
0.013404
0.020237
0.015604
0.001369
0.002037
0.020247
0.020509
0.001813
0.001661
0.001573
0.011261
0.001505
0.011615
0.001617
0.015906
0.001668
0.017213
0.014811
0.001462
0.014331
0.001527
0.017607
0.005105
0.001405
0.001446
0.013925
0.017890
0.001765
0.015974
0.001517
0.001528
0.018716
0.001619
0.001502
0.023539
0.013329
0.018714
0.014658
0.001515
0.017416
0.017338
0.037114
0.001447
0.001435
0.001844
0.013146
0.012923
0.025429
0.0060.024690
0.002314
0.014875
0.015420
0.013380
0.023614
0.005617
0.002053
0.005383
0.002323
0.015503
0.001646
0.014632
0.001543
0.001673
0.001700
0.002718
0.019234
0.016239
0.016987
0.013814
0.001839
0.015374
0.001507
0.019605
0.001661
0.016709
0.021623
0.001988
0.001465
0.019376
0.019564
0.001946
0.002071
0.018644
0.001644
0.015774
0.003068
0.015218
0.015131
0.001570
0.013536
0.018378
0.023969
0.001874
0.001983
0.019353
0.001922
0.002093
0.013853
0.045235
0.001288
0.012619
0.011425
0.018586
0.001493
0.018248
0.001796
0.001970
0.001430
0.016402
0.001594
0.001452
0.002690
0.001761
0.001609
0.015634
0.013472
0.033659
0.001966
0.017372
0.001542
0.015704
0.002138
0.001714
0.005584
0.020766
0.001546
0.014361
0.015055
0.017079
0.019984
0.014419
0.001646
0.009861
0.001428
0.014408
0.021056
0.009723
0.020301
0.011760
0.001438
0.001985
0.012387
0.001417
0.001308
0.011840
0.001737
0.016764
0.011987
0.002619
0.016059
0.001372
0.001376
0.012479
0.014163
0.001323
0.015947
0.001577
0.015702
0.018310
0.011958
0.013141
0.01569055
0.001701
0.011984
0.010281
0.006921
0.016876
0.033657
0.014136
0.009963
0.001498
0.001587
0.001664
0.001501
0.001433
0.002442
0.020658
0.011507
0.011966
0.015188
0.014685
0.001466
0.015097
0.013738
0.014682
0.001339
0.001612
0.013228
0.015334
0.014188
0.005180
0.001650
0.001586
0.018019
0.001656
0.001368
0.001395
0.006706
0.001586
0.012113
0.001591
0.019715
0.018211
0.015439
0.012276
0.013486
0.001937
0.005938
0.010559
0.019210
0.015125
0.015178
0.016961
0.001413
0.035686
0.017494
0.013786
0.001664
0.002990
0.001424
0.035458
0.012671
0.016644
0.013381
0.027408
0.007485
0.010528
0.001914
0.017812
0.001420
0.001416
0.001368
rank:13	length:298	cost:17.40
4
0.001663
0.002024
0.015163
0.025263
0.012450
0.017951
0.014933
0.033986
0.017765
0.016901
0.001727
0.001358
0.012538
0.021822
0.015426
0.016312
0.012081
0.016037
0.011579
0.025757
0.001525
0.015744
0.001890
0.021138
0.013570
0.015599
0.021980
0.001378
0.018643
0.013215
0.001397
0.012351
0.018942
0.001381
0.017084
0.014702
0.017322
0.001605
0.002457
0.018496
0.002107
0.013443
0.001527
0.017985
0.017184
0.001531
0.015818
0.001958
0.019649
0.001263
0.001492
0.015089
0.001885
0.015438
0.011047
0.008039
0.014955
0.001493
0.004605
0.001637
0.015837
0.010226
0.024066
0.026208
0.014303
0.013376
0.001401
0.010102
0.016494
0.014191
0.013290
0.001818
0.001538
0.050931
0.001591
0.002105
0.001786
0.001699
0.015648
0.001476
0.001544
0.001308
0.015289
0.014359
0.017048
0.012186
0.001612
0.016623
0.001442
0.001728
0.016423
0.001442
0.020151
0.001940
0.009956
0.016952
0.020412
0.001522
0.014922
0.001689
0.001400
0.002071
0.012975
0.018081
0.001571
0.002100
0.012430
0.015492
0.001418
0.010334
0.017779
0.001633
0.001419
0.0160.004952
0.021506
0.011433
0.001494
0.001760
0.016620
0.001349
0.001620
0.002225
0.019643
0.001721
0.001912
0.001533
0.002148
0.009537
0.019524
0.002793
0.001705
0.001920
0.002652
0.019051
0.017469
0.001595
0.020744
0.008538
0.017316
0.001380
0.002432
0.014117
0.001390
0.001537
0.020113
0.017294
0.015130
0.001403
0.001368
0.001466
0.016776
0.016389
0.014740
0.001547
0.017032
0.001533
0.015766
0.017943
0.001964
0.002010
0.017396
0.001499
0.021919
0.014449
0.001153
0.001406
0.008742
0.001762
0.012636
0.001379
0.024606
0.001677
0.015793
0.015021
0.018577
0.018705
0.016280
0.018396
0.008924
0.009900
0.012525
0.001704
0.001579
0.001334
0.001801
0.018959
0.015262
0.014830
0.001316
0.001338
0.001532
0.001463
0.001841
0.016625
0.001636
0.001904
0.010905
0.001936
0.011341
0.001397
0.013690
0.022112
0.017634
0.029815
0.017792
0.011148
0.001583
0.001224
0.013447
0.012925
0.017357
0.018276
0.001707
0.001790
0.001830
0.014183
0.016114
0.014354
0.010823
0.002007
0.002293
0.001576
0.001653
0.015705
0.001566
0.001656
0.00169551
0.019053
0.001580
0.013616
0.011541
0.015140
0.023070
0.011686
0.001545
0.015150
0.001565
0.018051
0.001728
0.001785
0.001698
0.001551
0.001773
0.018665
0.016728
0.001456
0.033022
0.001573
0.014191
0.001589
0.018045
0.019463
0.031232
0.001503
0.024306
0.022070
0.035474
0.051678
0.014964
0.021084
0.001680
0.011481
0.001804
0.012716
0.013510
0.001479
0.017425
0.018876
0.012913
0.012981
0.001959
0.013405
0.001378
0.010649
0.001453
0.011858
0.001945
0.001652
0.011504
0.001540
0.008454
0.001670
0.012774
0.012885
0.010247
0.001459
0.020049
0.001553
0.016142
0.001626
0.022889
0.001932
0.001678
0.001804
0.001506
0.020583
0.040685
0.016865
0.019325
0.001509
0.013777
0.025023
0.017603
0.019183
0.001547
0.001712
0.001409
0.001507
0.022945
0.016269
0.021074
0.018554
0.021655
0.005384
0.001520
0.001565
0.021269
0.001669
0.013738
0.001460
0.001472
0.017362
0.011671
0.020422
0.001918
0.016308
0.025911
0.001486
0.001723
0.011750
0.001441
0.001536
0.018226
0.018872
0.015678
0.014606
0.032263
0.010112
0.001620
0.025894
0.08
0.002061
0.034417
0.014985
0.014932
0.016660
0.001545
0.001740
0.001566
0.015841
0.005709
0.001414
0.012698
0.017962
0.001814
0.011708
0.007752
0.001512
0.014925
0.015587
0.001707
0.001365
0.017191
0.011197
0.001819
0.022075
0.008953
0.001370
0.019531
0.013263
0.018455
0.001940
0.001392
0.013138
0.002024
0.005949
0.002782
0.001376
0.019101
0.014899
0.009918
0.013309
0.001480
0.013556
0.001507
0.001908
0.024571
0.002547
0.013972
0.017938
0.013405
0.010346
0.001563
0.017608
0.001446
0.001523
0.009993
0.019347
0.001587
0.009217
0.014463
0.001576
0.012701
0.018795
0.001749
0.020750
0.012726
0.001489
0.001537
0.016947
0.013175
0.020347
0.011796
0.015137
0.015981
0.001737
0.001639
0.006661
0.014532
0.005673
0.001358
0.013354
0.001840
0.012024
0.001573
0.024536
0.001420
0.001464
0.011606
0.016008
0.002210
0.012232
0.018334
0.014671
0.001569
0.013140
0.001523
0.019710
0.022276
0.017474
0.013323
0.002507
0.001526
0.031014
0.001503
0.001964
0.009095
0.035704
0.011952
0.015168
0.012933
0.001334
0.020074
0.001776
0.00112669
0.001423
0.001411
0.010611
0.013261
0.016253
0.017431
0.016565
0.021505
0.015177
0.001498
0.015118
0.002127
0.001716
0.020133
0.013093
rank:21	length:357	cost:20.67
662
0.013360
0.001381
0.015256
0.001676
0.012071
0.001450
0.001466
0.011480
0.012127
0.007468
0.018660
0.001410
0.014977
0.020541
0.015789
0.001629
0.001893
0.016662
0.009878
0.001544
0.022084
0.001766
0.015419
0.014282
0.021255
0.002047
0.036066
rank:5	length:255	cost:16.74
0.006999
0.021200
0.002044
0.022398
0.020451
0.002061
0.017847
0.001972
0.001912
0.017676
0.001473
0.002441
0.013094
0.016368
0.017544
0.002096
0.016742
0.013952
0.001607
0.013625
0.020878
0.001512
0.001721
0.016000
0.001630
0.014074
0.010997
0.011696
0.010845
0.003003
0.001414
0.002688
0.015858
0.014663
0.012072
0.001457
0.016973
0.011534
0.018888
0.017330
0.001815
0.001444
0.001280
0.001460
0.001625
0.001757
0.039862
0.016018
0.018839
0.001928
0.015007
0.039931
0.002082
0.001570
0.016365
0.001510
0.018922
0.016746
0.005367
0.014357
0.034413
0.006847
0.010213
0.014654
0.001730
0.001558
0.001623
0.014764
0.018844
0.011347
0.002007
0.002106
0.002401
0.021635
0.001646
0.017475
0.031102
0.001585
0.001953
0.001518
0.019331
0.019525
0.012446
0.015983
0.008651
0.018204
0.016929
0.001905
0.028436
0.013459
0.015110
0.001632
0.001674
0.021059
0.016925
0.026600
0.001744
0.013508
0.015508
0.012801
0.010552
0.001345
0.016562
0.001449
0.012778
0.002304
0.038331
0.001441
0.017861
0.001643
0.001832
0.002122
0.001793
0.001420.005586
0.009782
0.001852
0.015804
0.019343
0.001482
0.016564
0.002034
0.019593
0.012179
0.002174
0.001972
0.013791
0.021983
0.015213
0.032559
0.017360
0.001916
0.002111
0.016210
0.014564
0.001682
0.015476
0.001672
0.014863
0.018132
0.001516
0.013297
0.029877
0.017079
0.020027
0.021556
0.001420
0.016090
0.011724
0.001544
0.001777
0.019226
0.013772
0.001800
0.016064
0.009676
0.015706
0.021079
0.020436
0.012843
0.001485
0.016767
0.001450
0.001566
0.011788
0.005810
0.014848
0.001575
0.001295
0.001589
0.001653
0.019220
0.043198
0.013850
0.001919
0.017451
0.001629
0.001329
0.001932
0.015639
0.001805
0.001871
0.001700
0.001679
0.016141
0.012776
0.015690
0.011490
0.001889
0.015902
0.001651
0.066708
0.001783
0.013747
0.001792
0.017134
0.001488
0.021032
0.001727
0.017533
0.019737
0.014962
0.016033
0.018472
0.013842
0.011835
0.018688
0.012656
0.001649
0.020679
0.001594
0.001731
0.002198
0.001696
0.001498
0.018286
0.019172
0.018485
0.013715
0.014611
0.002530
0.002171
0.002246
0.012056
0.001650
0.009905
0.020528
0.002030
0.001750
0.018814
0.017914
0.015438
0.012152
0.015417
0.018743
0.001703
0.001720
0.002254
0.001700
0.009334
0.011713
0.030004
0.001861
0.010548
0.028117
0.012049
0.001535
0.001510
0.016293
0.018149
0.014026
0.011532
0.023087
0.030460
0.019412
0.019204
0.001798
0.014709
0.015529
0.001697
0.012178
0.011363
0.001458
0.002346
0.002088
0.001472
0.009942
0.012271
0.014366
0.011515
0.020649
0.012120
0.019353
0.017423
0.018834
0.014485
0.016136
0.011445
0.014961
0.017837
0.001321
0.001399
0.014534
0.001369
0.018781
0.015472
0.034578
0.015342
0.017209
0.001419
0.001686
0.001571
0.013947
0.011495
0.018518
0.017700
0.001630
0.017647
0.020800
0.016367
0.025012
0.001396
0.015434
0.001662
0.014837
0.001568
0.014255
0.001320
0.017413
0.020531
0.001265
0.001746
0.009046
0.001758
0.021262
0.001586
0.012792
0.001685
0.014311
0.001709
0.016566
0.001670
0.002003
0.001628
0.024893
0.001508
0.007879
0.016520
0.001733
0.011842
0.001765
0.012328
0.001530
0.001344
0.001584
0.001250
0.015663
0.001716
0.011823
0.001565
0.013913
0.0175
0.001868
0.001541
0.033095
0.001690
0.019208
0.001778
0.011065
0.010962
0.018222
0.001919
0.001606
0.001743
0.001556
0.001558
0.013020
0.001585
0.001696
0.018834
0.016883
0.001249
0.015004
0.001916
0.010535
0.023483
0.001314
0.001656
0.010454
0.001634
0.017633
0.015722
0.015048
0.016404
0.014514
0.001598
0.014736
0.001621
0.021111
0.022580
0.022111
0.013153
0.001343
0.001404
0.011744
0.011784
0.001558
0.001713
0.013153
0.018484
0.001839
0.025585
0.015171
0.002132
0.001465
0.001606
0.015881
0.021892
0.014925
0.019044
0.024024
0.001758
0.001571
0.018446
0.016891
0.001337
0.010089
0.001770
0.001417
0.014493
0.001852
0.019103
0.017548
0.015733
0.016654
0.001403
0.001880
0.001987
0.001562
0.001744
0.017160
0.016647
0.001344
0.014758
0.015077
0.011452
0.011250
0.002131
0.001429
0.001521
0.018267
0.001532
0.017030
0.001498
0.001411
0.017154
0.025272
0.014897
0.017402
0.014043
0.014237
0.001285
0.022424
0.015115
0.020630
0.012586
0.001858
0.001724
0.001524
0.001508
0.014870
0.001571
0.012623
0.001784
0.013228
0.001207
0.001681
0.011299
0.001604
0.010936
0.014789
0.001389
0.013528
0.012607
0.015480
0.024708
0.023086
0.001399
0.014816
0.017346
0.001293
0.013603
0.010540
0.019417
0.001482
0.016743
0.015409
0.014644
0.021515
0.010738
0.013973
0.001719
0.001521
0.011992
0.013175
0.015943
0.001833
0.023661
0.001446
0.005218
0.015202
0.016284
0.001534
0.012390
0.002013
rank:26	length:267	cost:15.12
407
0.017498
0.001400
0.018098
0.022276
0.001805
0.001701
0.016870
0.021072
0.023189
0.001652
0.001638
0.011484
0.013395
0.018751
0.015542
0.016950
0.002679
0.001596
0.013635
0.015614
0.001486
0.022744
0.011621
0.018363
0.001516
0.015115
0.036196
0.016498
0.014752
0.005677
0.018947
0.014651
0.018687
0.001524
0.001444
0.001561
0.001284
0.001342
0.015638
0.001551
0.013632
0.001467
0.008371
0.014942
0.001570
0.022025
0.019019
0.001563
0.001483
0.018974
0.018349
0.015483
0.015987
0.019753
0.001584
0.022278
0.001504
0.031512
0.010071
0.017926
0.014268
0.013703
0.015791
0.019628
0.001388
0.018205
0.024937
0.001399
0.015350
0.015766
0.009433
0.024081
0.001791
0.001561
0.020107
0.001542
0.010866
0.016634
0.001725
0.001575
0.015196
0.021396
0.033029
0.001453
0.025152
0.013766
0.014634
0.001611
0.001524
0.001696
0.014259
0.001930
0.014950
0.001583
0.001408
0.001403
0.018859
0.001409
0.013033
0.032885
0.001665
0.015563
0.016149
0.001444
0.015516
0.016733
0.015776
0.001674
0.001593
0.014649
0.012492
0.036430
0.015512
0.00.004488
0.026698
0.002699
0.011654
0.002934
0.001766
0.001440
0.001909
0.001611
0.044380
0.012020
0.018226
0.012719
0.001946
0.017503
0.002172
0.001424
0.024285
0.019462
0.002599
0.014623
0.002846
0.001610
0.001644
0.013263
0.016108
0.016050
0.008004
0.013970
0.001561
0.022660
0.014567
0.017846
0.016208
0.013705
0.013643
0.015800
0.001426
0.020607
0.009611
0.016583
0.001437
0.001951
0.001648
0.014156
0.016738
0.015612
0.001293
0.010882
0.019041
0.010356
0.020242
0.014656
0.015485
0.001724
0.001851
0.001600
0.012950
0.001733
0.007877
0.001707
0.017788
0.001671
0.017189
0.005114
0.001549
0.005201
0.001604
0.011246
0.030812
0.001423
0.016866
0.009899
0.001368
0.013701
0.001477
0.015159
0.002106
0.015675
0.011918
0.009574
0.012159
0.012392
0.001640
0.008320
0.001690
0.001429
0.014371
0.001730
0.015688
0.011579
0.009666
0.001950
0.002440
0.010785
0.036319
0.001467
0.001491
0.001656
0.002068
0.010686
0.014482
0.001460
0.015764
0.021844
0.017439
0.008172
0.014730
0.007958
0.014388
0.011835
0.001543
0.020781
0.0014202009
0.017086
0.001848
0.018903
0.001539
0.001493
0.001649
0.012427
0.017412
0.011488
0.001629
0.016877
0.019528
0.013934
0.001658
0.012481
0.001657
0.001518
0.016139
0.013111
0.001534
0.001469
0.012415
0.001425
0.010124
0.020630
0.001601
0.016019
0.017136
0.001538
0.013576
0.001324
0.020690
0.016888
0.001588
0.018819
0.001645
0.001613
0.008455
0.001684
0.013756
0.001620
0.022115
0.001605
0.013026
0.009722
0.019473
0.001672
0.016017
0.001500
rank:3	length:391	cost:20.92
0
0.016047
0.001323
0.012237
0.016142
0.008602
0.014851
0.001560
0.001988
0.001582
0.015245
0.002233
0.010022
0.001663
0.010497
0.001402
0.001615
0.016501
0.001581
0.001443
0.001491
0.018106
0.013521
0.017992
0.001359
0.001690
0.001462
0.011510
0.016664
0.001828
0.009941
0.025513
0.002497
0.001991
0.001596
0.019089
0.001501
0.018133
0.017253
0.013343
0.001667
0.014520
0.020549
0.015987
0.016412
0.011538
0.013548
0.015336
0.008911
0.001599
0.018854
0.015164
0.001560
0.001977
0.001462
0.014295
0.001481
0.018291
0.001895
0.001648
0.001533
0.014520
0.014712
0.015339
0.014647
0.001474
0.020951
0.015952
0.016740
0.001590
0.019454
0.001560
0.008180
0.001487
0.001550
0.002398
0.009887
0.001551
0.012458
0.017765
0.015227
0.024357
0.013643
0.015097
0.001806
0.018576
0.001482
0.001645
0.016807
0.001420
0.007701
0.001447
0.017949
0.011654
0.029259
0.014518
0.013671
0.009574
0.012289
0.018697
0.001519
0.016403
0.018744
0.009946
0.013118
0.017532
0.001498
0.001628
0.015813
0.021677
0.001516
0.018317
0.013708
0.013355
0.0110.003261
0.019180
0.022473
0.001954
0.002368
0.018987
0.001566
0.013586
0.011913
0.018328
0.001776
0.018746
0.002309
0.017679
0.017645
0.002592
0.017034
0.001749
0.006210
0.013207
0.001580
0.001974
0.023634
0.016806
0.038235
0.017910
0.017217
0.013670
0.014200
0.017063
0.033892
0.018742
0.001515
0.016918
0.016794
0.001591
0.002091
0.001578
0.001166
0.001987
0.022047
0.001955
0.016047
0.016293
0.017562
0.027744
0.014011
0.018907
0.013798
0.010340
0.022362
0.001642
0.001971
0.001427
0.001391
0.015176
0.019789
0.001375
0.001414
0.001533
0.001561
0.020515
0.001895
0.012075
0.024978
0.010729
0.001703
0.017481
0.001289
0.001386
0.019712
0.024978
0.023806
0.013892
0.009684
0.017844
0.015359
0.001662
0.001599
0.011396
0.001752
0.001431
0.013062
0.001519
0.019421
0.018541
0.015515
0.017680
0.001664
0.016793
0.014452
0.012852
0.001635
0.001948
0.001842
0.001556
0.018102
0.002027
0.002023
0.015770
0.001522
0.011992
0.015365
0.012999
0.016280
0.027523
0.001612
0.010837
0.001446
0.001626
0.016939
0.013491
0.001608
0.00137405
0.009590
0.021418
0.017517
rank:27	length:231	cost:13.56
6
0.020555
0.002214
0.001637
0.016051
0.011970
0.001744
0.012538
0.001598
0.012586
0.014544
0.015326
0.001655
0.017551
0.001524
0.002023
0.017561
0.018056
0.001953
0.015216
0.016311
0.012609
0.002176
0.011173
0.001589
0.018673
0.013118
0.012579
0.018156
0.016759
0.001929
0.002629
0.014916
0.001601
0.001397
0.013558
0.018434
0.017754
0.017440
0.001660
0.019275
0.013341
0.018671
0.001523
0.018360
0.001710
0.002092
0.001571
0.014308
0.015022
0.001671
0.001777
0.013997
0.002079
0.001605
0.018121
0.017949
0.018495
0.001382
0.014788
0.014450
0.018017
0.014742
0.019427
0.018830
0.016323
0.001651
0.019595
0.016545
0.014975
0.014907
0.018607
0.001397
0.014046
0.001587
0.001362
0.001325
0.001525
0.009166
0.007239
0.001404
0.001500
0.013020
0.006359
0.012552
0.021546
0.017081
0.015680
0.017916
0.001643
0.001532
0.001444
0.001346
0.012100
0.021119
0.015474
0.019285
0.011872
0.001471
0.001815
0.010156
0.008959
0.010329
0.020654
0.014787
0.012399
0.018865
0.002037
0.012878
0.013000
0.016780
0.002130
0.010818
0.001589
0.0170.040114
0.023724
0.025021
0.001925
0.018466
0.023544
0.002466
0.015087
0.001817
0.018067
0.002879
0.001857
0.019401
0.013527
0.016427
0.012842
0.021565
0.016532
0.001922
0.001600
0.014396
0.001795
0.016230
0.022217
0.019375
0.020986
0.024168
0.001653
0.012006
0.013430
0.001740
0.001449
0.001501
0.017006
0.013851
0.013464
0.008528
0.002228
0.002396
0.010463
0.012242
0.015694
0.002760
0.013561
0.017212
0.046228
0.019858
0.001416
0.019412
0.014353
0.032184
0.015262
0.010085
0.001286
0.001987
0.001706
0.001738
0.011474
0.008763
0.010789
0.026007
0.014294
0.020831
0.012969
0.016954
0.017903
0.001827
0.012865
0.001628
0.001559
0.017646
0.001398
0.001368
0.001543
0.001613
0.014470
0.001497
0.002381
0.012902
0.009795
0.018267
0.001646
0.017088
0.018824
0.001465
0.012222
0.001731
0.001508
0.011360
0.001603
0.001279
0.018879
0.001528
0.019786
0.001552
0.002049
0.001393
0.001543
0.015368
0.002075
0.001301
0.013227
0.011214
0.020849
0.001483
0.027191
0.013449
0.001644
0.009895
0.001686
0.007372
0.054794
0.024897
0.00159415
0.001574
0.001544
0.001355
0.012933
0.012286
0.018196
0.013513
0.015009
0.024352
0.001904
0.030763
0.001542
0.012386
0.001409
0.035899
0.001576
0.015265
0.001669
0.015665
0.019254
0.001515
0.001702
0.014357
0.001619
0.001474
0.011734
0.011667
0.020313
0.001488
0.001388
0.019434
0.017953
0.001535
0.001880
0.001559
0.001571
0.019919
0.011781
0.017642
0.019388
0.020136
0.001406
0.018786
0.018891
0.012096
0.022666
0.019951
0.016047
0.014624
0.018262
0.002264
0.001653
0.018761
0.001391
0.001498
0.016283
0.020983
0.001405
0.011105
0.008792
0.001700
0.001424
0.023002
0.001581
0.019617
0.015694
0.001597
0.023440
0.019751
0.001535
0.014706
0.012510
0.022538
0.001344
0.001557
rank:6	length:303	cost:17.18
6
0.001359
0.019216
0.019664
0.023140
0.001721
0.019212
0.013110
0.002791
0.001990
0.001991
0.020058
0.021396
0.024724
0.019719
0.019138
0.014388
0.001661
0.023023
0.001391
0.001575
0.001793
0.001611
0.001749
0.001503
0.017239
0.022015
0.016942
0.001830
0.022924
0.001740
0.001705
0.001809
0.001768
0.002029
0.024747
0.018977
0.015129
0.001543
0.001741
0.001317
0.017571
0.010164
0.022529
0.014731
0.001549
0.002029
0.001481
0.002335
0.013282
0.001430
0.012338
0.012987
0.001498
0.015779
0.001607
0.011403
0.034460
0.001422
0.001599
rank:23	length:173	cost:10.81
0.015936
0.013181
0.002378
0.014373
0.015031
0.001684
0.001661
0.001343
0.001432
0.014883
0.018312
0.010344
0.013475
0.001615
0.018007
0.017736
0.001449
0.012153
0.013201
0.014792
0.001604
0.022770
0.001666
0.020636
0.012528
0.001413
0.016613
0.030499
0.016687
0.001486
0.001588
0.015232
0.001572
0.016661
0.011493
0.010864
0.016499
0.014733
0.013506
0.006984
0.001544
0.012127
0.019054
0.001379
0.016149
0.013315
0.001598
0.001818
0.001578
0.018011
0.002080
0.012500
0.011565
0.001857
0.023671
0.001886
0.015266
0.015068
0.019295
0.001906
0.013302
0.001897
0.001344
0.021253
0.001399
0.001609
0.001726
0.001899
0.016748
0.001491
0.011900
0.001905
0.001665
0.001557
0.001889
0.001681
0.020297
0.018492
0.012704
0.032258
0.021576
0.017687
0.001972
0.001345
0.023079
0.002251
0.017809
0.019644
0.001483
0.001650
0.019111
0.001425
0.001766
0.013921
0.016485
0.001814
0.001564
0.018314
0.014647
0.015978
0.011447
0.016325
0.012764
0.001896
0.013778
0.001516
0.011993
0.004733
0.017169
0.013571
0.001670
0.012533
0.012870
0.001700.003991
0.017953
0.017409
0.017505
0.016196
0.001530
0.021397
0.012922
0.020213
0.021996
0.018236
0.001802
0.019168
0.001796
0.013515
0.001714
0.017050
0.014221
0.001965
0.001805
0.020463
0.002256
0.002312
0.014716
0.017094
0.013648
0.001525
0.006179
0.012092
0.002079
0.014310
0.002224
0.018232
0.018636
0.017483
0.016054
0.014903
0.014729
0.001706
0.002043
0.018076
0.017359
0.001764
0.001591
0.014626
0.010231
0.003150
0.013693
0.031289
0.002101
0.015764
0.019155
0.032307
0.010202
0.001606
0.002197
0.011383
0.002202
0.015962
0.015748
0.001824
0.019218
0.017526
0.001718
0.017027
0.016272
0.035728
0.020226
0.018376
0.014265
0.001757
0.009988
0.015557
0.001390
0.012387
0.013546
0.001527
0.012448
0.016448
0.012823
0.015784
0.015729
0.016260
0.017087
0.016735
0.001682
0.008911
0.015143
0.011347
0.017645
0.013265
0.001619
0.022790
0.002098
0.001472
0.016561
0.008930
0.001810
0.017518
0.001716
0.013187
0.001489
0.016265
0.013110
0.001554
0.014967
0.011380
0.001460
0.008159
0.011350
0.029504
0.016374
0.016456
0.014965
0.001431
0.019706
0.014370
0.001544
0.013155
0.001598
0.017236
0.001760
0.018988
0.001647
0.018433
0.005146
0.018866
0.017381
0.001505
0.012206
0.001428
0.001443
0.016280
0.001631
0.005288
0.001633
0.014459
0.015401
0.010908
0.009786
0.001470
0.019866
0.017389
0.016766
0.015028
0.016709
0.016560
0.022144
0.001517
0.001948
0.014426
0.021348
0.022323
0.001435
0.001700
0.001253
0.017927
0.012985
0.001826
0.017165
0.001647
0.001204
0.016693
0.001890
0.021555
0.002302
0.019415
0.013589
0.008835
0.012873
0.013792
0.015205
0.021088
0.001803
0.001613
0.017354
0.001373
0.023405
0.001525
0.015418
0.001610
0.013385
0.018457
0.001446
0.001334
0.016643
0.012011
0.015035
0.001583
0.017195
0.001325
0.001417
0.001457
0.007962
0.001749
0.012281
0.036080
0.018219
0.007972
0.013155
0.001397
0.016103
0.012282
0.014205
0.022472
0.001715
0.001462
0.017611
0.030476
0.014415
0.014486
0.014131
0.013855
0.014292
0.023449
0.014632
0.013562
0.001569
0.001533
0.001579
0.001986
0.001469
0.001523
0.018717
0.021557
0.002942
0.018957
0.0014
0.018021
0.013305
0.001724
0.017471
0.015074
0.013720
0.016919
0.001844
0.012230
0.001582
0.008101
0.018451
0.020051
0.001632
0.012716
0.005032
0.014225
0.001882
0.012751
0.031550
0.017473
0.042462
0.001456
0.001545
0.001317
0.011856
0.001214
0.013399
0.001415
0.001606
0.012715
0.011076
0.001453
0.015926
0.001463
0.015348
0.013783
0.013139
0.001558
0.016589
0.001892
0.001824
0.001694
0.001788
0.037251
0.001589
0.015925
0.013121
0.001605
0.016527
0.001474
0.001827
0.014929
0.001680
0.019301
0.019839
0.012957
0.019224
0.001510
0.001646
0.001710
0.017459
0.015192
0.016536
0.001229
0.001844
0.001582
0.017104
0.015933
0.033437
0.001944
0.001997
0.008828
0.001504
0.016989
0.017578
0.016714
0.001544
0.017880
0.015971
0.020074
0.001433
0.001503
0.014891
0.001580
0.001607
0.015556
0.016637
0.013758
0.032575
0.014243
0.001931
0.014965
0.016178
0.016782
0.012305
0.018135
0.001359
0.017433
0.018707
0.018955
0.001365
0.001381
0.001736
0.001786
0.001628
0.009573
0.001711
0.017610
0.017102
0.001955
0.013602
0.012120
0.010820
0.002004
0.010663
0.001600
0.001795
0.001933
0.014854
0.016147
0.001389
0.017213
0.015143
0.015285
0.007677
0.001575
0.018718
0.001566
0.001496
0.001679
0.017052
0.021993
0.015086
0.020568
0.001421
0.018416
0.021752
0.001374
0.001459
0.001648
0.007084
0.001758
0.016988
0.001414
0.010510
0.001502
0.021423
0.013981
0.018257
0.001726
0.001532
0.001613
0.019649
0.001562
0.012158
0.001429
0.008119
0.014396
0.001349
0.001569
0.017139
0.001486
0.001625
0.001421
0.012528
0.002149
0.019836
rank:2	length:282	cost:17.12
820
0.002007
0.001671
0.017180
0.002012
0.001752
0.001711
0.001879
0.001516
0.001831
0.019205
0.011509
0.015049
0.009571
0.002057
0.019118
0.011266
0.019076
0.037584
0.009600
0.023213
0.013637
0.013794
0.001513
0.001551
0.001679
0.001860
0.001473
0.008955
0.019752
0.012790
0.019137
0.010184
0.013997
0.001660
0.016163
0.001467
0.001369
0.001445
0.001563
0.001511
0.012192
0.016971
0.010141
0.014304
0.013374
0.022204
0.001524
0.018099
0.012070
0.008082
0.014109
0.017618
0.001463
0.001385
0.001629
0.012308
0.001603
0.001552
0.017309
0.001618
0.009884
0.001644
rank:24	length:290	cost:17.25
0.005916
0.002660
0.012907
0.002006
0.008788
0.001943
0.020000
0.001566
0.012624
0.017500
0.019145
0.002281
0.001509
0.019392
0.021926
0.002821
0.010398
0.010184
0.034784
0.002003
0.016653
0.001600
0.015192
0.018582
0.023722
0.001371
0.015713
0.001649
0.014488
0.021779
0.024970
0.001251
0.012084
0.001705
0.013580
0.016740
0.014010
0.017400
0.001479
0.001833
0.015933
0.010235
0.012868
0.030978
0.014498
0.017807
0.011456
0.012029
0.012419
0.011125
0.020801
0.002154
0.023705
0.017838
0.021484
0.014095
0.010511
0.019933
0.001517
0.022463
0.016824
0.031293
0.001649
0.017667
0.002230
0.001632
0.014957
0.001587
0.001470
0.018040
0.001544
0.011496
0.016597
0.014853
0.014935
0.015552
0.001377
0.018238
0.006977
0.001569
0.011533
0.001490
0.001560
0.011222
0.006884
0.001971
0.001494
0.001779
0.001417
0.013781
0.022937
0.011994
0.018125
0.002175
0.002575
0.019473
0.008513
0.019127
0.015238
0.018201
0.001677
0.016866
0.001613
0.001674
0.011583
0.014366
0.012948
0.001705
0.010203
0.017305
0.001258
0.034186
0.002351
0.037460.008531
0.002089
0.015400
0.015546
0.016900
0.020160
0.001701
0.018134
0.001460
0.018864
0.001702
0.002432
0.001869
0.010451
0.019868
0.020411
0.018925
0.017077
0.017918
0.002279
0.002033
0.001720
0.014298
0.016500
0.001451
0.013424
0.003656
0.001544
0.059198
0.002153
0.001767
0.019818
0.001572
0.017022
0.001459
0.017541
0.014895
0.020702
0.002023
0.012455
0.019109
0.018476
0.001685
0.014609
0.001712
0.018065
0.001644
0.013870
0.001390
0.023697
0.001356
0.001842
0.011403
0.001484
0.001597
0.001657
0.012781
0.016983
0.001904
0.002026
0.020295
0.001576
0.026054
0.001588
0.011702
0.001645
0.001617
0.019321
0.005313
0.001838
0.001661
0.001480
0.012206
0.001349
0.017813
0.015001
0.001464
0.014134
0.019954
0.014672
0.015606
0.019358
0.006671
0.001661
0.001698
0.023106
0.001393
0.001411
0.024307
0.001579
0.001547
0.014233
0.015273
0.021872
0.019448
0.014913
0.013805
0.015048
0.001645
0.015236
0.020613
0.018379
0.020889
0.016754
0.002020
0.001454
0.001583
0.001563
0.001539
0.012657
0.013401
0.001468
0.012863
0.017403
0.017411
0.017050
0.001959
0.001465
0.001864
0.010796
0.020936
0.001435
0.018544
0.009606
0.025019
0.001736
0.021648
0.001438
0.001763
0.032135
0.001582
0.001535
0.009612
0.016837
0.001378
0.023617
0.021218
0.010447
0.012147
0.012606
0.014164
0.022189
0.021717
0.001684
0.006718
0.018766
0.001390
0.011033
0.017438
0.021548
0.011556
0.001522
0.001387
0.014948
0.015719
0.001466
0.023461
0.026067
0.015422
0.020508
0.018635
0.001729
0.026775
0.001422
0.001798
0.002014
0.001383
0.001785
0.018647
0.001285
0.002218
0.001920
0.050744
0.014040
0.001465
0.016782
0.002028
0.001404
0.017197
0.016517
0.015707
0.016162
0.083732
0.001447
0.039636
0.027279
0.081471
0.016031
0.017477
0.001621
0.021898
0.001365
0.030237
0.028773
0.001447
0.015447
0.020421
0.001438
0.001674
0.001480
0.001696
0.001347
0.001302
0.020246
0.016668
0.097335
0.018361
0.017583
0.015647
0.015010
0.016842
0.001687
0.018407
0.001664
0.020789
0.014944
0.001419
0.019471
0.001634
0.020994
0.008979
0.001594
0.001245
0.013285
0.012042
0.019944
0.013083
0.0148
0.002314
0.006638
0.017916
0.013083
0.001384
0.001376
0.001584
0.017189
0.014993
0.019788
0.002372
0.005456
0.018514
0.014309
0.001383
0.001699
0.010730
0.001396
0.001698
0.018457
0.018214
0.017213
0.001580
0.001773
0.015005
0.025580
0.001364
0.022566
0.023382
0.011885
0.013303
0.001488
0.001535
0.011212
0.012740
0.001486
0.001489
0.018237
0.001612
0.011497
0.016474
0.010502
0.001621
0.015158
0.001520
0.017263
0.017435
0.001672
0.019946
0.021538
0.001739
0.017331
0.012477
0.001221
0.019528
0.013983
0.014881
0.016319
0.001615
0.015488
0.001331
0.012734
0.001500
0.001487
0.002043
0.020859
0.001916
0.018421
0.013641
0.014926
0.001481
0.015459
0.030558
0.001635
0.014585
0.014318
0.018689
0.001882
0.001577
0.013921
0.016331
0.002051
0.014726
0.014361
0.001616
0.001445
0.001643
0.001681
0.015067
0.001466
0.001689
0.001756
0.010945
0.001639
0.019706
0.011406
0.017519
0.017886
0.001888
0.017646
0.012512
0.001780
0.015276
0.019259
0.001448
0.013378
0.001312
0.001684
0.032194
0.018012
0.020299
0.001417
0.016853
0.017710
0.001614
0.037307
0.012802
0.020366
0.023906
0.020202
0.012773
0.028603
0.001274
0.019661
0.015078
0.001768
0.001331
0.001756
0.019084
0.001731
0.012518
0.001360
0.014192
0.035971
0.001674
0.002243
rank:10	length:250	cost:15.85
510
0.001461
0.001652
0.018727
0.001532
0.001249
0.014099
0.017534
0.001576
0.001871
0.016291
0.017546
0.017076
0.016978
0.013629
0.015029
0.001525
0.019000
0.009295
0.001644
0.019336
0.017297
0.001955
0.001447
0.016189
0.029200
0.021244
0.015707
0.001680
0.001476
0.001554
0.016815
0.011284
0.026996
rank:25	length:261	cost:14.32
0.006353
0.002173
0.016957
0.001995
0.037678
0.001934
0.002709
0.012449
0.022437
0.025136
0.017549
0.002248
0.013731
0.011519
0.001722
0.021843
0.001405
0.001317
0.028605
0.001483
0.018032
0.013112
0.001618
0.001607
0.002126
0.002189
0.016584
0.011706
0.012186
0.010909
0.001711
0.023372
0.001947
0.002640
0.001560
0.024932
0.012936
0.013031
0.001791
0.001550
0.001540
0.011487
0.012476
0.011230
0.012961
0.013697
0.019064
0.025393
0.001769
0.002048
0.002107
0.009354
0.013724
0.012439
0.013445
0.016883
0.012031
0.001400
0.001321
0.001565
0.016335
0.012764
0.009514
0.015990
0.001644
0.021978
0.008282
0.012205
0.014587
0.001946
0.017097
0.014891
0.001475
0.001283
0.007459
0.015999
0.001504
0.027473
0.001395
0.012971
0.011864
0.029325
0.010321
0.017179
0.001612
0.026589
0.001438
0.001776
0.001953
0.024091
0.001584
0.008587
0.001290
0.001522
0.011037
0.015915
0.028086
0.019599
0.019936
0.008884
0.017397
0.024663
0.001515
0.010755
0.011665
0.020183
0.011212
0.015120
0.001538
0.001488
0.001653
0.019829
0.001402
0.018660.007962
0.014192
0.014260
0.036207
0.001909
0.012046
0.020027
0.019216
0.001883
0.023258
0.016092
0.002385
0.001673
0.001813
0.001997
0.011245
0.002007
0.016334
0.011967
0.002005
0.016891
0.023750
0.001714
0.001839
0.006351
0.001638
0.022972
0.013549
0.002006
0.017008
0.001767
0.001612
0.011829
0.016235
0.017174
0.008460
0.009033
0.001499
0.016765
0.017600
0.001641
0.017101
0.010970
0.001678
0.001660
0.001857
0.010514
0.001886
0.001905
0.001823
0.018058
0.008500
0.011558
0.001699
0.021252
0.001746
0.015281
0.013135
0.015665
0.014942
0.002819
0.001777
0.015421
0.015850
0.014599
0.019705
0.009657
0.016107
0.019538
0.001267
0.001553
0.015678
0.001500
0.001471
0.018908
0.012592
0.001616
0.001551
0.011617
0.001664
0.018183
0.015334
0.013398
0.001651
0.001852
0.008633
0.001380
0.001492
0.014163
0.010937
0.002111
0.012966
0.013559
0.002737
0.001635
0.014076
0.014328
0.010689
0.016763
0.011933
0.012633
0.001319
0.002000
0.015743
0.001621
0.008604
0.013802
0.013797
0.001574
0.015857
0.016995
0.001459
0.001255
0.001415
0.011266
0.001479
0.010684
0.010362
0.001705
0.001818
0.001466
0.019468
0.001609
0.013248
0.001575
0.012231
0.001557
0.015497
0.001509
0.038097
0.001548
0.020733
0.013783
0.018517
0.001801
0.015219
0.012548
0.016111
0.001317
0.011779
0.001442
0.001494
0.001443
0.001575
0.016035
0.019093
0.012394
0.014495
0.017256
0.014506
0.001744
0.001571
0.016466
0.021219
0.001459
0.014094
0.012979
0.017118
0.015708
0.015838
0.003113
0.012026
0.001476
0.031085
0.001410
0.001590
0.001545
0.019461
0.032823
0.002963
0.027118
0.021092
0.001671
0.006863
0.018564
0.014048
0.001616
0.001449
0.002110
0.013581
0.026130
0.002114
0.013523
0.001500
0.001538
0.016541
0.001542
0.012617
0.015549
0.006595
0.015956
0.016457
0.001860
0.017519
0.001598
0.001428
0.001388
0.002624
0.018371
0.014190
0.017744
0.011721
0.002131
0.001534
0.001452
0.002202
0.001502
0.001915
0.018595
0.017873
0.001356
0.001420
0.001571
0.012722
0.013876
0.015880
0.011969
0.012311
0.011012
0.015569
0.023260
0.010524
0.018443
0.011857
0.019800
0.017852
0.001487
0.0193
0.016295
0.002014
0.001458
0.001853
0.013881
0.001784
0.014795
0.001981
0.015332
0.001373
0.001829
0.001788
0.017303
0.016853
0.001918
0.019110
0.005000
0.016802
0.013904
0.007677
0.015836
0.001448
0.014280
0.005591
0.018750
0.007312
0.001994
0.010158
0.001761
0.019734
0.015439
0.007396
0.001208
0.001354
0.005873
0.014125
0.001430
0.019631
0.001382
0.013901
0.032781
0.012391
0.011957
0.021090
0.002315
0.011949
0.014270
0.002713
0.001449
0.016501
0.001646
0.018202
0.014956
0.001636
0.016974
0.025490
0.017977
0.007880
0.001445
0.001557
0.019701
0.002779
0.001446
0.017139
0.019173
0.001661
0.010512
0.017147
0.011661
0.017317
0.001517
0.001519
0.009080
0.032478
0.012816
0.001819
0.015829
0.013762
0.020469
0.001811
0.016108
0.016922
0.001453
0.012024
0.001639
0.015983
0.002144
0.012613
0.010787
0.013987
0.001495
0.001700
0.001394
0.001547
0.001482
0.001552
0.002079
0.020574
0.015172
0.020647
0.001369
0.023244
0.019215
0.018597
0.001555
0.019550
0.030055
0.017366
0.031635
0.011493
0.015251
0.001502
0.001396
0.001137
0.002055
0.014890
0.001384
0.015594
0.002027
0.014928
0.012787
0.016522
0.010902
0.002202
0.001659
0.001545
0.001494
0.001964
0.016656
0.017565
0.011863
0.013485
0.001497
0.011628
0.001646
0.001622
0.010522
0.006339
0.034640
0.001417
0.001761
0.010307
0.019751
0.019236
0.017267
0.001713
0.017764
0.014011
0.001505
0.001632
0.012096
0.017694
0.011033
0.017922
0.017879
0.013580
0.001326
0.001591
0.001570
0.011159
0.012790
0.012690
0.001448
0.018625
0.001212
0.001355
0.014230
0.018641
0.001795
0.015941
0.001558
0.001452
0.001566
0.015733
0.012929
0.016702
0.011392
0.022342
0.015490
0.018507
0.001376
0.012993
0.034830
0.001419
0.001848
0.010303
0.001586
0.012108
0.022032
0.001510
0.006309
0.017411
0.019478
0.001408
0.034952
0.016639
0.001497
0.016979
0.030560
0.014911
0.001410
0.037002
0.012432
0.015494
0.001835
0.014312
0.016198
0.017505
0.014969
0.001470
0.001469
0.001370
0.001647
0.001525
0.015494
0.001449
0.011482
0.014709
0.001741
0.016255
0.037479
0.017745
0.016807
0.001632
0.013221
0.001585
0.015716
0.0523
0.013713
0.001488
0.016664
0.015815
0.008938
0.022064
0.013922
0.001728
0.012573
0.001489
0.021607
0.001725
0.013834
0.024403
0.021051
0.001920
0.001847
0.001652
0.012014
0.031546
0.017829
0.001627
0.005317
0.002219
0.010407
0.019098
0.011219
0.010763
0.019018
0.001342
0.014990
0.001514
0.021027
0.012703
0.029234
0.001482
0.001635
0.001445
0.021803
0.024689
0.013257
0.020942
0.030729
0.020372
0.017732
0.019400
0.010901
0.012633
0.013959
0.001714
0.017508
0.001505
0.001644
0.013360
0.014390
0.019342
0.001462
0.001383
0.013232
0.022405
0.018296
0.020019
0.001516
0.012927
0.001464
0.001462
0.007032
0.002211
0.017023
0.012140
0.010543
0.021509
0.001461
0.001460
0.001669
0.001341
0.001528
0.006196
0.001520
0.001532
0.017646
0.001492
0.009806
0.001483
0.025050
0.016800
0.019375
0.001566
0.008149
0.028673
0.007666
0.001540
0.001454
0.023297
0.016154
0.017743
0.001449
0.001592
0.021564
0.018197
0.011797
0.015477
0.008112
0.014686
0.001574
0.017762
rank:22	length:334	cost:18.39
14586
0.042502
0.014731
0.001564
0.019366
0.001556
0.001583
0.001515
0.008018
0.001479
0.017687
0.001517
0.001443
0.001459
0.001584
0.008465
0.001662
0.013933
0.001682
0.015949
0.001443
0.001418
0.017627
0.001441
0.001625
0.002056
0.015950
0.014862
0.012252
0.016126
0.021864
0.002261
0.013784
0.002348
0.018826
0.020545
0.002047
0.014562
0.001771
0.009419
0.017104
0.013908
0.015971
0.014495
0.011536
0.012515
0.001388
0.016916
0.010831
0.016345
0.013553
0.022201
0.013228
0.015118
0.001524
0.019223
0.019467
0.001515
0.016776
0.017433
0.001511
0.001419
0.018882
0.014912
0.020191
0.002000
0.001347
0.001494
0.012545
0.017199
0.026383
0.002415
0.013556
0.012483
0.001609
0.015930
0.033999
0.001393
0.001740
0.001598
0.013555
0.016790
0.009121
0.001696
0.024106
0.001384
0.035213
0.001676
0.001506
0.015355
0.016159
0.001773
0.012536
0.001907
0.011533
0.001524
0.021485
0.001665
0.014435
0.002393
0.015010
0.012005
0.001453
0.017614
0.018691
0.001567
0.017394
0.001629
0.014039
0.015282
0.018685
0.012636
0.001633
0.016669
0.010868
0.013594
0.017819
0.001870
0.001517
0.021905
0.021044
0.001555
0.001977
0.020092
0.013253
0.008219
0.001494
0.020233
0.012032
0.001707
0.001610
0.014493
0.019727
0.001887
0.001490
0.001454
0.012863
0.011922
0.019100
0.016911
0.014371
0.014259
0.015291
0.001660.017616
0.013918
0.019293
0.020173
0.015770
0.012651
0.002243
0.020760
0.001672
0.014312
0.001833
0.001701
0.015907
0.001722
0.021416
0.002103
0.017970
0.012180
0.019601
0.024724
0.014930
0.016641
0.001744
0.001648
0.012295
0.001972
0.018136
0.017436
0.001757
0.001653
0.001622
0.001562
0.037899
0.018071
0.017392
0.020811
0.014369
0.010216
0.022753
0.007768
0.009542
0.016830
0.015918
0.001959
0.017155
0.001609
0.010516
0.001758
0.001388
0.011598
0.019414
0.002151
0.018598
0.012787
0.017062
0.022870
0.016564
0.001380
0.007822
0.001508
0.011142
0.018284
0.012361
0.018330
0.019862
0.001553
0.018758
0.001303
0.009019
0.001587
0.001724
0.018016
0.016925
0.019858
0.007642
0.002083
0.002582
0.012791
0.008330
0.001751
0.017873
0.002099
0.008585
0.007765
0.001582
0.001771
0.014049
0.010216
0.002257
0.017795
0.012798
0.015772
0.001582
0.002028
0.006194
0.016091
0.009459
0.001459
0.008182
0.017386
0.001286
0.001261
0.012753
0.009568
0.014040
0.013428
0.001480
0.001617
0.014711
0.001489
0.010718
0.017781
0.002217
0.001449
0.019684
0.017193
0.013569
0.013974
0.011891
0.013001
0.018060
0.001936
0.001665
0.001746
0.001966
0.018150
0.029523
0.014290
0.001776
0.001453
0.001357
0.013087
0.001764
0.022748
0.009394
0.010833
0.001615
0.011654
0.012521
0.010283
0.001509
0.002377
0.015623
0.014604
0.001543
0.001524
0.001983
0.001876
0.019004
0.001552
0.017171
0.008449
0.001725
0.013348
0.002046
0.001861
0.001477
0.026588
0.016960
0.008063
0.016666
0.001629
0.021485
0.001532
0.004629
0.001364
0.002351
0.010325
0.020070
0.011148
0.001810
0.001670
0.015726
0.030116
0.015155
0.001444
0.019400
0.021449
0.001671
0.001397
0.013854
0.001638
0.001792
0.013228
0.016796
0.017792
0.001915
0.009825
0.014397
0.017423
0.001510
0.001807
0.015617
0.001790
0.001727
0.015403
0.001620
0.017038
0.014185
0.008793
0.001537
0.018524
0.001555
0.019001
0.013935
0.014743
0.018441
0.001643
0.020729
0.001519
0.001487
0.013869
0.021097
0.016554
0.002079
0.017636
0.021052
0.001609
0.015954
0.012956
0.011185
0.001379
0.015999
0.022087
0.020658
0.009662
0.014558
0.0015
0.001593
0.014221
0.001737
0.001918
0.001474
0.012298
0.018929
0.008647
0.001630
0.015604
0.001454
0.001732
0.001556
0.016736
0.010395
0.001438
0.022982
0.001660
0.014013
0.014681
0.013332
0.014287
0.014393
0.001284
0.020932
0.010717
0.012266
0.001359
0.001424
0.002482
0.016295
0.001581
0.001397
0.008489
0.001832
0.014862
0.018394
0.001546
0.007029
0.017945
0.001614
0.002484
0.001836
0.001645
0.017296
0.001874
0.012816
0.013797
0.007283
0.001412
0.021557
0.013338
0.001623
0.001706
0.001262
0.017915
0.001421
0.016115
0.001978
0.012438
0.013345
0.001235
0.013628
0.016704
0.023611
0.001856
0.001395
0.001515
0.002604
0.001684
0.012893
0.001449
0.025590
0.015544
0.010551
0.014055
0.001446
0.001596
0.016681
0.013808
0.013437
0.013912
0.001612
0.014019
0.034138
0.014847
0.001793
0.001449
0.014869
0.015138
0.016513
0.001925
0.001840
0.001632
0.016565
0.012460
0.001495
0.014776
0.001491
0.017589
0.001518
0.001965
0.016623
0.019789
0.016686
0.013298
0.015441
0.017552
0.027674
0.015043
0.001341
0.001286
0.017950
0.001690
0.018549
0.005484
0.014266
0.018366
0.001488
0.015559
0.015870
0.001337
0.001423
0.001428
0.018316
0.002749
0.001613
0.015899
0.012883
0.015976
0.014999
0.001616
0.009476
0.013143
0.015868
0.001509
0.001819
0.012300
0.007718
0.020595
0.001570
0.001461
0.017546
0.018894
0.014697
0.001817
0.014534
0.025454
0.001904
0.001578
0.011340
0.013222
0.001553
0.001420
0.001506
0.002363
0.002591
0.001545
0.016764
0.001654
0.001752
0.016429
0.019072
0.001667
0.019934
0.015067
0.001541
0.061724
0.015453
0.016227
0.001702
0.014027
0.012504
0.001581
0.008066
0.001566
0.012187
0.001591
0.001651
0.001545
0.032148
0.014629
0.010016
0.017815
0.001558
0.017113
0.009334
0.020539
0.002142
0.001628
0.001681
0.017254
0.001651
0.012005
0.001620
0.001476
0.016192
0.024707
0.001930
0.008453
0.013130
0.001560
0.022057
0.006472
0.012593
0.007669
0.001800
0.001609
0.018075
0.016329
0.019319
0.012807
0.002761
0.015385
0.020041
0.002316
0.012025
0.020549
0.017168
0.020423
0.002229
0.018466
0.023846
0.020220
0.001532
0.018585
0.014923
0.001726
0.020111
0.001711
0.016950
0.001293
0.014352
0.001616
0.012403
0.002008
0.012434
0.001282
0.013162
0.012535
0.001799
0.001277
0.022619
0.002125
0.001638
0.005529
0.011689
0.015207
0.001540
0.033602
0.015169
0.001434
0.012174
0.018911
0.012954
0.017396
0.001858
0.001491
0.016948
0.001792
0.019218
0.001456
0.018354
0.002166
0.009621
0.001776
0.001551
0.010161
0.019422
0.011453
0.020261
0.016811
0.016466
0.014160
0.001922
0.001800
0.001971
0.013843
0.014495
0.001603
0.013589
0.009189
0.016630
0.001343
0.001535
0.007739
0.015855
0.016910
0.021332
0.021453
0.012819
0.001823
0.001808
0.006412
0.009139
0.001439
0.001318
0.013889
0.015725
0.013344
0.001519
0.001480
0.016945
0.001708
0.011531
0.016907
0.001759
0.022269
0.001842
0.001490
0.018184
0.015206
0.037043
0.001622
0.018849
0.016022
0.018016
0.014396
0.002884
0.001554
0.025431
0.031752
0.001500.007659
0.002815
0.014440
0.017113
0.017114
0.001723
0.001592
0.010821
0.002224
0.009892
0.001293
0.001674
0.033088
0.002380
0.008629
0.014780
0.014058
0.002153
0.011111
0.001595
0.018339
0.002307
0.013963
0.012551
0.014774
0.001610
0.010430
0.001799
0.011537
0.017031
0.001669
0.017840
0.013755
0.001956
0.002341
0.014391
0.001558
0.002755
0.001702
0.016385
0.017995
0.025422
0.020771
0.001560
0.015749
0.015733
0.010551
0.012811
0.001631
0.001588
0.001355
0.013735
0.001424
0.013575
0.008772
0.018686
0.018953
0.007885
0.012954
0.001640
0.014514
0.016074
0.001368
0.001603
0.001496
0.018876
0.011758
0.015430
0.014292
0.016240
0.018875
0.002442
0.001916
0.001534
0.016919
0.007891
0.001670
0.015634
0.017264
0.020168
0.001428
0.001410
0.001917
0.019462
0.012177
0.012971
0.001562
0.012877
0.011714
0.010590
0.009734
0.019883
0.021783
0.001693
0.001440
0.031263
0.001326
0.001831
0.001471
0.001440
0.001399
0.006348
0.001943
0.019828
0.001551
0.009436
0.025800
0.001819
0.016001
0.002704
0.013304
0.012857
0.011713
0.018244
0.018070
0.012641
0.014608
0.014919
0.001669
0.001561
0.001708
0.015275
0.014056
0.001683
0.022578
0.007344
0.013960
0.001712
0.001384
0.017298
0.015384
0.011888
0.016937
0.001401
0.001577
0.001381
0.002108
0.001303
0.002177
0.018109
0.015400
0.013915
0.018760
0.013479
0.021012
0.001481
0.017392
0.001511
0.018958
0.001846
0.014492
0.014715
0.001534
0.020665
0.017185
0.002223
0.001343
0.002036
0.014198
0.012873
0.011557
0.017463
0.011088
0.022120
0.001446
0.001583
0.001317
0.012717
0.001510
0.011400
0.018093
0.013930
0.001664
0.017403
0.001557
0.017980
0.012027
0.014843
0.001567
0.001279
0.034101
0.001501
0.040406
0.016909
0.001457
0.001618
0.002006
0.015606
0.019065
0.044681
0.001278
0.001659
0.001684
0.018533
0.013008
0.001386
0.016144
0.001968
0.018135
0.016681
0.014273
0.030653
0.010109
0.002022
0.001828
0.016223
0.011665
0.011343
0.001577
0.016383
0.001507
0.001601
0.012183
0.016010
0.016258
0.016025
0.001572
0.009069
0.008746
0.001534
0.012209
0.028260
0.015229
0.018095
0.001672
0.001423
0.013171
0.0018
0.017294
0.012736
0.001301
0.001596
0.001507
0.017773
0.018890
0.013581
0.018320
0.001795
0.010946
0.001511
0.016459
0.014449
0.016211
0.011269
0.001622
0.001655
0.018020
0.011910
0.002137
0.001604
0.015322
0.012515
0.018656
0.016960
0.011298
0.009311
0.013955
0.020591
0.001601
0.020004
0.016958
0.001281
0.001345
0.014810
0.016550
0.001885
0.001248
0.001410
0.012791
0.036427
0.020798
0.005880
0.011791
0.013364
0.018373
0.024050
0.001840
0.019292
0.001374
0.001630
0.005357
0.009905
0.001912
0.009485
0.001395
0.014568
0.032231
0.001806
0.014645
0.001812
0.001551
0.001843
0.013275
0.001364
0.002122
0.001714
0.001502
0.031505
0.001645
0.001676
0.018130
0.019770
0.020871
0.001529
0.013197
0.001448
0.001726
0.014145
0.016225
0.001241
0.015825
0.018457
0.014303
0.016521
0.020656
0.012568
0.001746
0.013159
0.013893
0.017144
0.015528
0.046398
0.024482
0.013067
0.001475
0.009670
0.011830
0.016367
0.001552
0.019733
0.001726
0.010551
0.013464
0.001411
0.022915
0.001469
0.001913
0.019427
0.013831
0.010365
0.010082
0.001633
0.001476
0.024057
0.001504
0.015720
0.010349
0.001707
0.001626
0.011693
0.001672
0.001901
0.018062
0.017087
0.012946
0.018746
0.001416
0.001728
0.001464
0.011441
0.011830
0.015105
0.001733
0.020860
0.001946
0.001523
0.001473
0.001292
0.001390
0.019337
0.001536
0.001375
0.001698
0.001561
0.009979
0.018401
0.015987
0.008526
0.001419
0.001473
0.001445
0.010852
0.001413
0.004483
0.018997
0.017592
0.001432
0.001572
0.001641
0.001466
0.016180
0.001628
0.011810
0.001441
0.013391
0.001638
0.013157
0.014061
0.017098
0.024285
0.001747
0.001472
0.007227
0.017100
0.001442
0.008431
0.042603
0.001468
0.019533
0.001456
0.001457
0.017065
0.012316
0.016238
0.017169
0.016001
0.017187
0.001451
0.019811
0.012942
0.014438
0.001701
0.012755
0.016492
0.018273
0.019887
0.027983
0.042195
0.015402
0.015397
0.018970
0.009045
0.001943
0.001692
0.016934
0.001456
0.001466
0.012297
0.001516
0.001491
0.015836
0.001936
0.001516
0.012075
0.014399
0.001735
0.001590
0.018333
0.001516
0.013801
0.001399
0.021941
0.020953
0.001419
0.001491
0.0594
0.015255
0.017450
0.016055
0.017256
0.002981
0.014768
0.013538
0.001384
0.012777
0.001507
0.015088
0.023435
0.002286
0.018712
0.001791
0.028059
0.016911
0.001367
0.020294
0.001263
0.016076
0.001462
0.001697
0.001681
0.001543
0.014707
0.019084
0.001804
0.024306
0.014570
0.014999
0.001580
0.001569
0.014325
0.014563
0.017102
0.025053
0.001844
0.009853
0.001428
0.016635
0.014623
0.001775
0.001411
0.014825
0.001404
0.019938
0.001416
0.001418
0.015496
0.001425
0.001473
0.018043
0.019816
0.001590
0.017621
0.014370
0.020186
0.001664
0.016028
0.012831
0.011958
0.001724
0.020266
0.015047
0.001488
0.018646
0.001488
0.018861
0.001918
0.018175
0.011909
0.001680
0.017175
0.001488
0.015351
0.001496
0.019270
0.001448
0.016171
0.012724
0.019553
0.001675
0.001781
0.011779
0.001472
0.001921
0.010154
0.010296
0.001741
0.010977
0.008050
0.021667
0.043170
0.030077
0.013307
0.002044
0.001870
0.001525
0.019274
0.013745
0.021041
0.016169
0.002200
0.018724
0.001689
0.001919
0.022181
0.002385
0.023247
0.001684
0.001524
0.023460
0.018771
0.012671
0.018287
0.018675
0.001978
0.017361
0.017120
0.011165
0.017160
0.023892
0.012705
0.021977
0.002090
0.010920
0.001491
0.001547
0.001525
0.001679
0.013011
0.010789
0.001663
0.001737
0.022937
0.014253
0.001827
0.011726
0.013787
0.001671
0.012468
0.015086
0.020853
0.002037
0.012843
0.012184
0.001668
0.001638
0.017278
0.002671
0.002684
0.015543
0.002467
0.013441
0.018077
0.001906
0.001556
0.012126
0.015625
0.020000
0.016082
0.018813
0.018906
0.016478
0.019687
0.022860
0.012750
0.001643
0.018244
0.001411
0.018446
0.001384
0.001411
0.001626
0.012102
0.008099
0.001476
0.018090
0.002856
0.001693
0.001762
0.001942
0.017493
0.019336
0.001727
0.026476
0.015832
0.005370
0.016125
0.001690
0.021782
0.017735
0.017218
0.026855
0.017312
0.001328
0.017595
0.001380
0.010994
0.001873
0.012654
0.021680
0.001855
0.001516
0.006614
0.017420.016462
0.001656
0.016565
0.001424
0.011069
0.001776
0.011852
0.001513
0.016612
0.001887
0.001572
0.014544
0.015184
0.001504
0.019079
0.018646
0.001646
0.018145
0.017806
0.013778
0.002390
0.013637
0.001802
0.002549
0.012594
0.001453
0.001710
0.016953
0.001782
0.002480
0.039174
0.010325
0.001384
0.012338
0.001714
0.013569
0.010198
0.014256
0.001577
0.012615
0.001719
0.014541
0.014042
0.001356
0.015646
0.001839
0.013125
0.012889
0.018046
0.001881
0.017819
0.015515
0.001651
0.001584
0.017404
0.001729
0.010354
0.017985
0.016968
0.019038
0.001757
0.001772
0.012525
0.001314
0.016097
0.002004
0.001667
0.013177
0.001516
0.011137
0.021486
0.016046
0.001538
0.001830
0.001804
0.016192
0.001390
0.018955
0.008871
0.014329
0.001410
0.009701
0.021589
0.018108
0.004430
0.001352
0.001601
0.012408
0.009110
0.001582
0.019217
0.021456
0.001501
0.020573
0.015210
0.001820
0.018644
0.014503
0.001581
0.012891
0.001561
0.013628
0.017469
0.020464
0.016790
0.015102
0.013354
0.015784
0.002394
0.015438
0.016102
0.017254
0.016567
0.016324
0.001715
0.007398
0.020100
0.001799
0.016519
0.001748
0.001633
0.008321
0.012527
0.001750
0.013391
0.001770
0.001897
0.019983
0.001311
0.011722
0.021937
0.014773
0.017606
0.019357
0.015822
0.001374
0.018677
0.015708
0.001778
0.002366
0.001554
0.019493
0.001251
0.015444
0.016140
0.018098
0.001599
0.001618
0.014135
0.017528
0.019685
0.001512
0.001427
0.001476
0.015259
0.013341
0.002053
0.001553
0.019715
0.035223
0.016953
0.001387
0.012002
0.001705
0.012838
0.021915
0.001623
0.001472
0.001672
0.009268
0.001425
0.019545
0.001990
0.001851
0.013762
0.016345
0.011179
0.001861
0.011157
0.001603
0.001439
0.001325
0.011719
0.001757
0.011118
0.017263
0.001343
0.020002
0.016936
0.012231
0.018793
0.001696
0.001817
0.001469
0.018776
0.016127
0.011051
0.021292
0.001728
0.043048
0.014227
0.018981
0.019554
0.001695
0.001553
0.012670
0.001226
0.001517
0.013112
0.001398
0.016658
0.013377
0.004638
0.013857
0.010292
0.001497
0.001536
0.001631
0.016142
0.011533
0.001560
0.016233
0.001603
0.014102
0.001608
0.013219
0.001561
0.0089
0.001487
0.001806
0.014075
0.001427
0.001830
0.013522
0.001443
0.018262
0.015711
0.001522
0.017150
0.001852
0.013887
0.001399
0.001403
0.014360
0.001337
0.015368
0.013344
0.013170
0.001206
0.012610
0.016078
0.001577
0.001587
0.012528
0.015398
0.010242
0.002339
0.001609
0.015790
0.019798
0.012249
0.015605
0.001388
0.001683
0.029932
0.001452
0.001518
0.020745
0.016922
0.017361
0.001723
0.013941
0.010466
0.008817
0.001347
0.019160
0.014536
0.002798
0.001574
0.011403
0.014834
0.001904
0.027927
0.012991
0.027058
0.021279
0.002193
0.020848
0.001914
0.012455
0.011448
0.001611
0.001544
0.007604
0.001362
0.016952
0.002468
0.015012
0.002104
0.001546
0.015464
0.001942
0.001809
0.013824
0.002014
0.001827
0.011824
0.001559
0.001394
0.037552
0.016604
0.019054
0.001335
0.010113
0.002130
0.001598
0.001604
0.023673
0.001998
0.017432
0.001353
0.025427
0.001603
0.015868
0.001506
0.016895
0.001243
0.017177
0.001848
0.001559
0.001794
0.020704
0.013145
0.001395
0.027407
0.012120
0.009477
0.001811
0.014148
0.001628
0.013718
0.019136
0.015151
0.008382
0.011528
0.001521
0.015581
0.018472
0.001566
0.015561
0.001563
0.001459
0.020914
0.010971
0.005243
0.014548
0.001813
0.017206
0.001533
0.011462
0.001580
0.001595
0.018298
0.011174
0.001450
0.001500
0.038297
0.015704
0.019421
0.001728
0.018919
0.001350
0.013764
0.001875
0.001440
0.012390
0.001355
0.001474
0.001463
0.001814
0.008884
0.002516
0.017333
0.001453
0.019318
0.015998
0.023139
0.030779
0.002413
0.007909
0.013623
0.015899
0.020288
0.001304
0.001322
0.001533
0.024106
0.049047
0.013802
0.001662
0.042105
0.013410
0.025908
0.002546
0.025524
0.001623
0.032893
0.001815
0.018326
0.001644
0.001564
0.001369
0.017339
0.019670
0.016754
0.019352
0.007740
0.013961
0.001754
0.025889
0.016623
0.001632
0.011813
0.001555
0.001610
0.016798
0.010400
0.001743
0.001778
0.005579
0.015601
0.008243
0.001334
0.029341
0.001390
0.023007
0.011336
0.001435
0.001522
0.001471
0.015369
0.017963
0.013219
0.001435
0.001621
0.001456
0.001737
0.001688
0.001455
0.028079
0.013282
0.026662
0.018247
0.008553
0.001688
0.001517
0.013923
0.021025
0.001614
0.013272
0.001304
0.001371
0.014344
0.012649
0.001408
0.001435
0.012910
0.001914
0.015979
0.012496
0.008599
0.014994
0.004941
0.017441
0.018347
0.001435
0.012821
0.001904
0.010506
0.004931
0.009426
0.010586
0.010635
0.012797
0.010705
0.002007
0.007772
0.022762
0.012174
0.001537
0.00.008066
0.002301
0.021504
0.001682
0.014586
0.019524
0.002027
0.021219
0.021778
0.017756
0.003001
0.001666
0.019401
0.013542
0.017812
0.018479
0.016657
0.001457
0.019560
0.001567
0.019803
0.027033
0.011996
0.003001
0.017960
0.001853
0.001716
0.026738
0.001862
0.036405
0.019940
0.001792
0.012352
0.014388
0.002279
0.023434
0.013740
0.001538
0.012808
0.001499
0.014721
0.002583
0.001402
0.014685
0.018586
0.001867
0.013115
0.015998
0.023478
0.001788
0.028670
0.010349
0.001956
0.005128
0.002089
0.001658
0.019135
0.015147
0.015217
0.001580
0.018393
0.037772
0.001718
0.009908
0.014244
0.001608
0.012441
0.021704
0.001731
0.014605
0.001627
0.002203
0.001638
0.001600
0.010526
0.021049
0.017098
0.018270
0.019317
0.020893
0.001460
0.012627
0.001943
0.002119
0.001732
0.019072
0.001733
0.015889
0.015602
0.001461
0.002233
0.001566
0.016520
0.018104
0.001665
0.012694
0.001333
0.017692
0.001780
0.017514
0.009359
0.001540
0.014192
0.014877
0.013849
0.001831
0.001836
0.001525
0.001515
0.001455
0.016655
0.001890
0.017512
0.0013501437
0.027740
0.011079
0.035670
0.012612
0.017382
0.001874
0.023496
0.001725
0.001423
0.015897
0.001819
0.012726
0.015102
0.013458
0.014090
0.001412
0.001509
0.001462
0.013635
0.001651
0.001427
0.021772
0.008182
0.001395
0.001885
0.021719
0.001412
0.018548
0.001715
0.013059
0.010320
0.022615
0.020889

0.013912
0.002772
0.001449
0.018683
0.012744
0.018239
0.001468
0.001426
0.015709
0.001652
0.017263
0.016248
0.015200
0.001634
0.014655
0.001736
0.001660
0.001899
0.001722
0.011676
0.012540
0.010630
0.017660
0.012672
0.015207
0.001491
0.019937
0.019263
0.001898
0.013366
0.011838
0.014247
0.019586
0.001778
0.001337
0.001632
0.012436
0.012257
0.001638
0.012022
0.015114
0.013707
0.001352
0.011352
0.017904
0.014230
0.001510
0.001570
0.001634
0.015880
0.001701
0.016638
0.001618
0.019217
0.001425
0.017435
0.001437
0.022829
0.001545
0.018678
0.021211
0.001161
0.001409
0.014955
0.015341
0.001493
0.001785
0.013576
0.015994
0.014537
0.009747
0.001748
0.017885
0.001516
0.016380
0.001798
0.017388
0.011614
0.070063
0.001191
0.011672
0.001353
0.012349
0.021911
0.001590
0.002031
0.016477
0.021859
0.031204
0.017452
0.008381
0.015874
0.018399
0.001611
0.001493
0.034535
0.022290
0.001485
0.001452
0.001392
0.016566
0.001876
0.013021
0.014509
0.022002
0.001583
0.021213
0.018915
0.013796
0.001373
0.001591
0.015084
0.013606
0.0090.018303
0.002390
0.016612
0.018883
0.019742
0.001747
0.001560
0.021179
0.001536
0.019410
0.026643
0.022613
0.025906
0.015369
0.001717
0.010883
0.001928
0.012276
0.017766
0.001676
0.020046
0.001797
0.002605
0.015300
0.017878
0.013072
0.002096
0.017459
0.014456
0.019113
0.001427
0.001370
0.001996
0.001972
0.017604
0.001609
0.022365
0.049681
0.001565
0.021721
0.005369
0.030512
0.013213
0.016372
0.001363
0.001750
0.016888
0.017184
0.013294
0.001676
0.018128
0.013495
0.030789
0.017664
0.018002
0.001743
0.001871
0.015404
0.008897
0.013952
0.011216
0.001558
0.035572
0.001535
0.007252
0.018734
0.017565
0.011023
0.017579
0.009168
0.001535
0.001498
0.011638
0.011078
0.016576
0.020178
0.011288
0.019789
0.001737
0.002233
0.018206
0.001498
0.001868
0.013438
0.017846
0.021929
0.001642
0.001379
0.017022
0.017814
0.015402
0.020294
0.019560
0.001917
0.021331
0.015048
0.032781
0.001972
0.019754
0.001715
0.014611
0.011576
0.014013
0.033942
0.012812
0.001576
0.001459
0.016412
0.017482
0.014033
0.021603
0.001384
0.010830
0.00193482
0.013312
0.015293
0.012131
0.011502
0.017171
0.001531
0.001400
0.001379
0.015491
0.013443
0.003104
0.019845
0.001549
0.011058
0.014560
0.014071
0.017447
0.001718
0.001340
0.017220
0.001383
0.021079
0.014912
0.001594
0.015159
0.014036
0.001371
0.001654
0.001579
0.001538
0.001657
0.016049
0.028332
0.017994
0.014171
0.001452
0.013342
0.001432
0.012071
0.016573
0.001619
0.019439
0.017430
0.019136
0.001593
0.014108
0.014075
0.015914
0.001619
0.011273
0.001459
0.019577
0.001390
0.001499
0.013799

0.015327
0.019417
0.001567
0.001458
0.013290
0.001509
0.016826
0.016484
0.010986
0.002343
0.041891
0.001699
0.001307
0.001325
0.001505
0.001527
0.014465
0.019316
0.012177
0.011354
0.025137
0.005480
0.022074
0.015348
0.001568
0.015931
0.002309
0.001633
0.010743
0.015537
0.018636
0.036420
0.016773
0.003213
0.001318
0.001742
0.037237
0.018117
0.001603
0.001590
0.018068
0.001633
0.014971
0.017038
0.009329
0.030273
0.015590
0.001703
0.012499
0.018268
0.017301
0.001433
0.026236
0.001759
0.001551
0.001341
0.013423
0.018925
0.011830
0.002149
0.014188
0.019335
0.020312
0.001440
0.001634
0.019606
0.015786
0.017699
0.016386
0.001686
0.019612
0.024209
0.001588
0.001336
0.011976
0.019015
0.020693
0.015827
0.016931
0.011332
0.001950
0.013149
0.001539
0.010897
0.001404
0.016768
0.013895
0.018312
0.015482
0.031772
0.013972
0.001729
0.001746
0.002059
0.001438
0.016934
0.001514
0.016996
0.010092
0.017834
0.017351
0.001292
0.007248
0.001715
0.001853
0.001405
0.015281
0.017124
0.013637
0.002911
0.002318
0.019408
0.023186
0.002204
0.001846
0.001967
0.020661
0.001491
0.022214
0.014687
0.017611
0.001566
0.024372
0.014576
0.001567
0.001893
0.023021
0.001829
0.013895
0.012494
0.001372
0.002546
0.022183
0.001443
0.012041
0.011807
0.001948
0.015858
0.016161
0.015474
0.016633
0.002248
0.003763
0.023616
0.015117
0.012292
0.001632
0.017323
0.013748
0.020838
0.021937
0.001445
0.001335
0.030352
0.001339
0.001561
0.013000
0.016615
0.018417
0.017108
0.001496
0.001617
0.019517
0.012437
0.008199
0.018266
0.027538
0.002452
0.013864
0.018548
0.015157
0.001473
0.003086
0.001695
0.010981
0.044410
0.001557
0.001456
0.017924
0.002257
0.001507
0.015827
0.015071
0.005121
0.002843
0.001653
0.002129
0.018335
0.001315
0.001502
0.013076
0.012013
0.011347
0.017037
0.014523
0.001502
0.009917
0.001624
0.012560
0.015620
0.014923
0.013810
0.019244
0.021279
0.001332
0.001653
0.001543
0.015443
0.001690
0.001468
0.001588
0.001523
0.001583
0.001489
0.001472
0.001456
0.001542
0.017402
0.014721
0.012851
0.019796
0.010543
0.012380.003056
0.016671
0.001850
0.021674
0.019744
0.016205
0.015513
0.019320
0.006831
0.014699
0.014165
0.001961
0.025423
0.001607
0.015327
0.001689
0.002052
0.018888
0.017549
0.021746
0.001921
0.001721
0.019312
0.020296
0.017209
0.029469
0.001609
0.001490
0.001753
0.015964
0.019413
0.009566
0.001622
0.016304
0.001841
0.011033
0.001613
0.014404
0.001573
0.001881
0.023245
0.001541
0.037196
0.014465
0.013382
0.015450
0.001971
0.014065
0.017747
0.002226
0.019120
0.013636
0.001567
0.018028
0.012607
0.012599
0.011043
0.019539
0.016787
0.037986
0.001587
0.001633
0.011724
0.016581
0.013458
0.002115
0.016633
0.001715
0.037766
0.019593
0.001347
0.001862
0.001534
0.001732
0.013146
0.001728
0.015967
0.001680
0.013477
0.012560
0.012900
0.005193
0.001480
0.014867
0.001675
0.013581
0.001593
0.002056
0.012657
0.017235
0.014618
0.021252
0.011723
0.013058
0.012811
0.018150
0.001766
0.001855
0.008672
0.001568
0.001419
0.014824
0.018053
0.016411
0.001796
0.009466
0.018858
0.017296
0.010399
0.001664
0.001613
0.001754
0.019334
0.002583
0.001515
0.001355
0.026920
0.018923
0.011394
0.001373
0.016456
0.013484
0.018804
0.018080
0.005475
0.010185
0.001925
0.001714
0.001734
0.001624
0.014241
0.001635
0.016232
0.013316
0.002213
0.012486
0.009400
0.001507
0.019031
0.017725
0.002028
0.009914
0.001432
0.001445
0.001318
0.001772
0.001588
0.015680
0.008029
0.011555
0.015568
0.002635
0.010361
0.014864
0.007376
0.001808
0.001280
0.017492
0.010942
0.014167
0.001746
0.017674
0.001656
0.018596
0.012312
0.014868
0.026814
0.001398
0.001606
0.001503
0.013080
0.001405
0.018222
0.001426
0.020643
0.001348
0.021853
0.009994
0.001556
0.014523
0.014417
0.016830
0.021546
0.014880
0.001359
0.001794
0.013468
0.002374
0.007414
0.002310
0.001764
0.013654
0.016082
0.009048
0.001981
0.001616
0.015505
0.001457
0.016230
0.001906
0.029634
0.001551
0.001983
0.001250
0.001228
0.013705
0.011089
0.011708
0.001332
0.013784
0.016226
0.011978
0.020506
0.001375
0.016931
0.001776
0.014503
0.012265
0.001376
0.017619
0.001532
0.001664
0.015598
0.001641
0.011488
0.012524
0.005420
0.0137
0.001502
0.002323
0.001719
0.002209
0.001557
0.001551
0.013511
0.014451
0.010636
0.014085
0.012550
0.001647
0.035006
0.026612
0.001413
0.002380
0.010158
0.039662
0.002042
0.020956
0.020498
0.001975
0.016685
0.001980
0.010239
0.017436
0.020033
0.014510
0.014834
0.036023
0.011384
0.001374
0.001488
0.001382
0.001701
0.015335
0.008747
0.017811
0.018978
0.001378
0.001725
0.001880
0.001653
0.018594
0.002048
0.014533
0.005945
0.019427
0.025916
0.013154
0.001809
0.014872
0.026385
0.001326
0.001596
0.022060
0.017676
0.001897
0.015366
0.004678
0.002652
0.020712
0.001659
0.017247
0.001236
0.001251
0.014949
0.001886
0.001882
0.011233
0.013022
0.011230
0.006168
0.001420
0.016028
0.020999
0.023330
0.012120
0.026633
0.001506
0.004716
0.001795
0.001384
0.020323
0.001478
0.015799
0.001654
0.016552
0.001348
0.008788
0.001793
0.009609
0.012357
0.001669
0.025399
0.001891
0.001539
0.018250
0.001692
0.009763
0.018086
0.001416
0.014422
0.001510
0.018589
0.001581
0.011099
0.019821
0.012657
0.002244
0.013261
0.014308
0.001567
0.008084
0.010199
0.001577
0.013180
0.016143
0.001591
0.001573
0.014976
0.001362
0.002500
0.018404
0.001404
0.001458
0.012997
0.001500
0.002032
0.001833
0.001519
0.001568
0.021948
0.001466
0.001530
0.011079
0.013448
0.012473
0.003559
0.013591
0.022040
0.001672
0.016561
0.011020
0.014862
0.001456
0.014365
0.002394
0.015791
0.001467
0.001692
0.001479
0.001869
0.001658
0.014128
0.001556
0.011587
0.001484
0.002419
0.017251
0.001864
0.017659
0.017144
0.015388
0.001560
0.017743
0.008993
0.001564
0.001624
0.012756
0.017609
0.009968
0.010933
0.001851
0.010587
0.013766
0.016600
0.017922
0.002232
0.001576
0.014897
0.001559
0.001700
0.001685
0.017036
0.001544
0.013866
0.014462
0.018984
0.001582
0.001472
0.001613
0.011544
0.038148
0.027725
0.018054
0.034971
0.018543
0.023582
0.018108
0.020610
0.011875
0.001689
0.022849
0.001517
0.022527
0.010522
0.015688
0.014738
0.016890
0.013760
0.016982
0.001745
0.001851
0.013314
0.001530
0.001656
0.001863
0.001540
0.017174
0.014901
0.018632
0.013501
0.037311
0.001469
0.001831
0.018331
0.001531
0.001549
0.016507
0.015611
0.013242
0.018405
0.018573
0.014348
0.022094
0.013266
0.016173
0.001739
0.001608
0.001488
0.014377
0.016268
0.023331
0.015834
0.019140
0.019072
0.010619
0.017950
0.013225
0.012029
0.001598
0.020393
0.016732
0.001614
0.001408
0.001783
0.002187
0.001359
0.013745
0.015659
0.013486
0.010869
0.018492
0.001408
0.014001
0.014105
0.001683
0.010084
0.013733
0.002783
0.012835
0.019393
0.001430
0.001547
0.001605
0.014490
0.012743
0.011571
0.021070
0.015268
0.017422
0.001760
0.001580
0.001503
0.001645
0.056138
0.019021
0.013006
0.014324
0.014178
0.013769
0.001403
0.001287
0.001337
0.001417
0.001395
0.001358
0.013448
0.001682
0.001671
0.017689
0.019709
0.020708
0.031318
0.016470
0.015560
0.001317
0.010801
0.002721
0.012680
0.001837
0.011006
0.016915
0.001741
0.001932
0.001633
0.001626
0.002140
0.017696
0.001861
0.019257
0.001943
0.018576
0.018454
0.001590
0.014815
0.001416
0.017141
0.013121
0.001493
0.001740
0.013541
0.002285
0.013043
0.001750
0.012776
0.001409
0.015680
0.001595
0.012364
0.019449
0.012127
0.001382
0.008552
0.001519
0.001977
0.001428
0.030601
0.001780
0.017853
0.015621
0.012535
0.001888
0.014387
0.011321
0.001470
0.001863
0.001589
0.018585
0.001240
0.010921
0.014790
0.012777
0.001828
0.017335
0.033577
0.001405
0.001568
0.001421
0.017387
0.002027
0.009760
0.001953
0.011954
0.019537
0.010145
0.018929
0.035598
0.001974
0.001772
0.009217
0.001451
0.015157
0.015263
0.015091
0.010723
0.012644
0.013653
0.008507
0.008999
0.001689
0.010295
0.017108
0.001469
0.014980
0.018538
0.015320
0.014866
0.001341
0.018147
0.001667
0.019794
0.001862
0.001522
0.001476
0.013882
0.001390
0.017194
0.010180
0.016043
0.013849
0.015079
0.015405
0.016976
0.001562
0.013154
0.001539
0.029358
0.016760
0.001466
0.001585
0.001676
0.021104
0.016122
0.001584
0.001555
0.001500
0.020016
0.015434
0.011300
0.012396
0.013231
0.011121
0.013254
0.001783
0.018016
0.014226
0.001414
0.001933
0.001569
0.010146
0.001536
0.001464
0.012042
0.015602
0.001716
0.013460
0.019180
0.020463
0.019888
0.001536
0.001439
0.013739
0.018489
0.001413
0.001467
0.015091
0.014305
0.015250
0.017442
0.024093
0.001870
0.015123
0.012619
0.014908
0.018541
0.018941
0.014276
0.001524
0.001614
0.001740
0.001856
0.027807
0.001583
0.012169
