srun -n 32 python-mpi -m memory_profiler ../scripts/subset_mpi_v1.py input_csv/input-full-cori_v1 /global/cscratch1/sd/jialin/bosslover/scaling-test/ost2/3015681.h5 pmf-list/large-scale/3015681.txt --mpi=yes --template=all --fiber=3015681_fiber.txt --catalog=3015681_catalog.txt --datamap=datamap1.pk
0.002029
0.006600
0.002164
0.002058
0.014514
0.017377
0.017761
0.002075
0.001649
0.019434
0.010103
0.016476
0.001351
0.001507
0.001479
0.019640
0.020327
0.016947
0.019621
0.001694
0.016287
0.020387
0.018815
0.001672
0.017341
0.023195
0.012399
0.018920
0.017194
0.012984
0.001608
0.021568
0.001497
0.001370
0.017847
0.001645
0.020807
0.016180
0.001492
0.007360
0.001920
0.017531
0.001425
0.001586
0.013903
0.002773
0.007652
0.019870
0.013743
0.001443
0.017155
0.018852
0.001342
0.017849
0.001579
0.014424
0.012286
0.020069
0.001525
0.011267
0.015375
0.019993
0.001565
0.001822
0.016987
0.001493
0.018842
0.001616
0.001533
0.001316
0.001346
0.015330
0.015130
0.011735
0.013541
0.001545
0.016552
0.001362
0.001383
0.010411
0.019388
0.001945
0.001629
0.002020
0.001975
0.001388
0.011648
0.016834
0.025193
0.017059
0.001450
0.001647
0.002309
0.020887
0.011839
0.001575
0.031843
0.007791
0.018391
0.001357
0.010439
0.001417
0.011399
0.017485
0.005848
0.001484
0.016054
0.013910
0.001652
0.016562
0.001502
0.001968
0.013884
0.001395
0.001958
0.061726
0.022041
0.014960
0.011976
0.001881
0.001986
0.001436
0.001356
0.019699
0.014782
0.001441
0.004927
0.001376
0.001349
0.011823
0.012213
0.017647
0.013505
0.016909
0.001841
0.015212
0.017171
0.001827
0.012432
0.017022
0.018879
0.019517
0.025188
0.001783
0.029279
0.016010
0.001401
0.001683
0.001207
0.020276
0.013324
0.019799
0.008592
0.017360
0.015818
0.013941
0.016205
0.001843
0.020488
0.001723
0.001550
0.014658
0.008129
0.030708
0.013104
0.001408
0.025349
0.010020
0.024433
0.001800
0.001231
0.010582
0.014135
0.013306
0.001577
0.014598
0.001511
0.001730
0.001467
0.018536
0.001587
0.001655
0.001374
0.015828
0.004514
0.030754
0.016948
0.019237
0.002091
0.018174
0.015911
0.014318
0.018414
0.013419
0.001426
0.001744
0.014101
0.001678
0.007550
0.014303
0.017582
0.001585
0.001649
0.016121
0.012349
0.019581
0.009673
0.001896
0.002056
0.001689
0.002062
0.001663
0.001691
0.010976
0.013549
0.012865
0.018040
0.014085
0.001861
0.011991
0.001493
0.001365
0.010307
0.001555
0.001427
0.014904
0.001475
0.021013
0.014561
0.017232
0.018436
0.018355
0.001611
0.001438
0.001526
0.001770
0.001464
0.001639
0.001418
0.011780
0.001567
0.014036
0.009373
0.016310
0.012295
0.018269
rank:23	length:246	cost:3.57
0.026152
0.012367
0.011488
0.014229
0.001481
0.002180
0.001523
0.001615
0.002815
0.011691
0.001972
0.002274
0.014456
0.010015
0.011500
0.022885
0.019031
0.001763
0.012809
0.019091
0.001637
0.001647
0.011995
0.026818
0.017630
0.019716
0.001694
0.017658
0.017632
0.013770
0.001650
0.014641
0.001742
0.001702
0.015074
0.016160
0.002132
0.013001
0.017107
0.012677
0.001798
0.001551
0.013643
0.001483
0.009976
0.001789
0.001393
0.011864
0.020969
0.001568
0.001613
0.001487
0.018935
0.001734
0.014271
0.016354
0.017074
0.013189
0.001671
0.015898
0.012564
0.019328
0.001884
0.001712
0.001683
0.017331
0.002029
0.030743
0.001650
0.001967
0.016319
0.001714
0.001678
0.017926
0.001684
0.013083
0.012008
0.014079
0.005726
0.001557
0.014914
0.014351
0.001626
0.013670
0.001642
0.010596
0.001530
0.014761
0.001487
0.016342
0.015792
0.011777
0.017841
0.018870
0.010156
0.001453
0.001498
0.002081
0.012219
0.001478
0.001935
0.014002
0.001650
0.013041
0.009027
0.038366
0.012338
0.001928
0.008118
0.011623
0.008009
0.017856
0.018823
0.001387
0.001547
0.001635
0.007326
0.007995
0.001506
0.001374
0.001522
0.012987
0.016544
0.011500
0.031530
0.016275
0.001442
0.019073
0.001632
0.013218
0.021416
0.008602
0.014946
0.001507
0.001512
0.007621
0.002142
0.001824
0.006771
0.012452
0.001398
0.020827
0.011983
0.024501
0.001604
0.001718
0.014746
0.017712
0.028428
0.008299
0.018792
0.001900
0.001832
0.026774
0.001903
0.001264
0.001678
0.013832
0.015911
0.001926
0.018078
0.001568
0.001962
0.001381
0.001753
0.006144
0.012514
0.001467
0.020019
0.011418
0.013518
0.002280
0.001365
0.015030
0.001933
0.011346
0.017243
0.042278
rank:15	length:178	cost:3.43
0.003471
0.023392
0.038588
0.003035
0.018059
0.015038
0.003243
0.001546
0.010674
0.015078
0.008940
0.020631
0.018675
0.020228
0.001755
0.019989
0.001401
0.001461
0.010304
0.031668
0.012951
0.016430
0.014080
0.001850
0.001641
0.001763
0.026015
0.002466
0.013508
0.001620
0.016524
0.001553
0.001324
0.001530
0.016274
0.001506
0.001313
0.013644
0.021879
0.001740
0.001642
0.014963
0.014543
0.001448
0.001481
0.017979
0.001796
0.014603
0.010044
0.006965
0.016104
0.019287
0.016140
0.015636
0.001548
0.011792
0.001454
0.024084
0.016992
0.016680
0.008659
0.010864
0.011072
0.011267
0.008065
0.020231
0.001367
0.001561
0.001426
0.001427
0.001419
0.013199
0.013689
0.018027
0.001880
0.002029
0.016855
0.018437
0.001573
0.019245
0.001546
0.001528
0.011965
0.001975
0.015813
0.010716
0.001781
0.001564
0.001441
0.013598
0.011939
0.001494
0.001717
0.017950
0.018444
0.014432
0.009663
0.001804
0.015804
0.017543
0.001813
0.001671
0.013190
0.007895
0.003376
0.010226
0.017514
0.014447
0.001523
0.016448
0.012508
0.022503
0.002071
0.001662
0.017889
0.010090
0.001667
0.001861
0.012892
0.013218
0.007847
0.001950
0.001351
0.002000
0.012144
0.001484
0.013248
0.013555
0.002014
0.017082
0.002549
0.014875
0.017329
0.024449
0.018711
0.001573
0.017781
0.001345
0.002034
0.001678
0.017853
0.001533
0.018368
0.027268
0.017729
0.016590
0.011615
0.028646
0.001334
0.014060
0.016957
0.001648
0.014305
0.001420
0.018230
0.001597
0.017171
0.015825
0.026490
0.011742
0.016750
0.016303
0.013438
0.008606
0.001871
0.013984
0.001491
0.013138
0.013024
0.001524
0.001595
0.012518
0.001540
0.012098
0.001336
0.001468
0.017343
0.015999
0.017077
0.017012
0.001351
0.020520
0.014509
0.001734
0.001432
0.001818
0.018323
0.014883
0.016938
0.001698
0.001534
0.012911
0.001445
0.012755
0.015053
0.001681
0.021493
0.001409
0.001597
0.006197
0.016042
0.001504
0.005179
0.001629
0.008278
0.017693
0.013246
0.001446
0.002204
0.020535
0.001554
0.001951
0.016892
0.013965
0.001840
0.016592
0.015108
0.015653
0.001574
0.006858
0.001559
0.013283
0.019177
0.014100
0.002052
0.011250
0.001743
0.001653
0.001384
rank:27	length:229	cost:4.84
0.004181
0.005393
0.001640
0.012775
0.023044
0.019059
0.015330
0.014469
0.002450
0.019294
0.001919
0.001575
0.001807
0.015652
0.001374
0.015730
0.021529
0.004979
0.001698
0.014414
0.019874
0.001684
0.001808
0.001645
0.014479
0.019896
0.001369
0.017973
0.011697
0.001899
0.001898
0.001986
0.013961
0.013672
0.001876
0.013525
0.017959
0.001783
0.001612
0.001335
0.018051
0.015833
0.001883
0.017142
0.008009
0.007416
0.001911
0.015489
0.018789
0.001485
0.011897
0.014738
0.006542
0.018242
0.001594
0.019924
0.023619
0.009156
0.012229
0.001902
0.014716
0.018523
0.033173
0.001518
0.036175
0.019761
0.003319
0.019714
0.001543
0.001553
0.001758
0.001729
0.018680
0.014266
0.001466
0.037481
0.014866
0.001647
0.015013
0.001469
0.014587
0.015193
0.017653
0.006788
0.020761
0.001782
0.007626
0.019455
0.001480
0.014756
0.001649
0.021988
0.020970
0.001587
0.001906
0.016823
0.013484
0.001519
0.022151
0.016293
0.001708
0.001500
0.001928
0.014169
0.001943
0.001694
0.016838
0.034480
0.014171
0.016782
0.005752
0.001526
0.002261
0.017730
0.012887
0.017684
0.001868
0.012676
0.001823
0.002019
0.019546
0.001527
0.001409
0.015777
0.001656
0.022205
0.011144
0.001612
0.004256
0.001540
0.011475
0.013413
0.014451
0.015943
0.001704
0.001658
0.022308
0.014185
0.008239
0.001696
0.001530
0.009612
0.001547
0.013388
0.019720
0.001781
0.001790
0.014669
0.013912
0.012666
0.001691
0.017777
0.017118
0.010861
0.016835
0.001797
0.001459
0.001707
0.001933
0.015423
0.010706
0.021044
0.010481
0.001671
0.001927
0.019613
0.014481
0.016074
0.014773
0.009024
0.001567
0.001455
0.013290
0.001624
0.001749
0.001502
0.016619
0.001507
0.015551
0.002607
0.009048
0.029927
0.001637
0.020411
0.001932
0.001522
0.002422
0.002769
0.010083
0.016083
0.005527
0.005039
0.001711
0.001968
0.019340
0.001599
0.011352
0.001783
0.009039
0.008674
0.008726
0.001759
0.002123
0.001784
0.002464
0.034907
0.021339
0.008811
0.001519
0.017591
0.031742
0.002007
0.009042
0.002169
0.010680
0.001736
0.001655
0.001756
0.013468
0.002089
0.018455
0.014970
0.001506
0.001908
0.015461
0.016287
0.015455
0.012576
0.012353
0.001494
0.012903
0.023263
0.012922
0.001501
0.017176
0.001527
0.001583
0.019678
0.001486
0.001476
0.013291
0.016479
0.001673
0.001494
0.001482
0.012883
0.001553
0.014376
0.001599
0.015983
0.010533
0.001656
0.012926
0.001582
0.014571
0.001881
0.015844
0.001670
0.001613
0.001618
0.014001
0.029317
0.013065
0.001447
0.021249
0.017560
0.011865
0.014149
0.001585
0.017303
0.001652
0.018496
0.013793
0.001489
0.001668
0.001442
0.015322
0.001570
0.011667
0.016058
0.014501
0.012204
0.013483
0.001559
0.001480
0.001464
0.013802
0.057007
0.001664
0.014764
0.018761
0.001615
0.014254
0.008551
0.019951
0.019116
0.018225
0.001760
0.011627
0.017364
0.013955
0.020424
0.015659
0.001461
0.013604
0.001426
0.014901
0.001587
0.018987
0.001894
0.022101
0.016804
0.012789
0.012759
0.001481
0.001671
0.001570
0.001660
0.041574
0.010298
0.020392
0.001552
0.001424
0.031681
0.017117
0.010215
0.014981
0.016743
0.001509
0.013617
0.018412
0.001621
0.001822
0.013350
0.015078
0.001556
0.012407
0.011094
0.001659
0.001699
0.001418
0.001568
0.001402
0.041610
0.001505
0.007728
0.001438
0.019891
0.001492
0.017034
0.001591
0.013588
0.020108
0.015118
0.013587
0.015395
0.001612
0.011889
0.014043
0.011839
0.036703
0.019089
0.019076
0.001369
0.023565
0.001576
0.001618
0.001500
0.019904
0.015661
0.001653
0.016745
0.021961
0.021214
0.014877
0.018950
0.019452
0.002025
0.017861
0.001830
0.017530
0.033891
0.013878
0.009882
0.035949
0.002380
0.015492
0.001856
0.015505
0.002015
0.021177
0.001913
0.023877
0.048751
0.013779
0.016834
0.001946
rank:31	length:397	cost:7.20
0.020343
0.019773
0.027371
0.019058
0.019901
0.001701
0.040664
0.035241
0.021656
0.015329
0.015963
0.023364
0.015661
0.002246
0.015442
0.017952
0.016671
0.026836
0.021924
0.001528
0.001508
0.013896
0.017373
0.003203
0.014943
0.017150
0.001549
0.005947
0.001631
0.024315
0.002205
0.021298
0.001632
0.001543
0.013841
0.020154
0.001637
0.001622
0.018514
0.001545
0.013596
0.001541
0.014355
0.023015
0.002077
0.018511
0.014528
0.012568
0.016225
0.016329
0.003106
0.002577
0.001396
0.001912
0.017932
0.001767
0.026626
0.023891
0.023051
0.022356
0.014873
0.020668
0.002059
0.015625
0.001656
0.015840
0.001943
0.017932
0.015082
0.001734
0.001562
0.001649
0.013930
0.011260
0.019089
0.010823
0.018258
0.001784
0.001737
0.002853
0.010197
0.016938
0.015536
0.001635
0.014897
0.002252
0.009235
0.001438
0.016800
0.031892
0.021617
0.001593
0.002179
0.023022
0.022026
0.014772
0.011650
0.001461
0.017667
0.018056
0.013298
0.001681
0.017203
0.003658
0.001756
0.014797
0.020886
0.002200
0.011157
0.001676
0.018365
0.025124
0.001630
0.001811
0.017633
0.022462
0.019113
0.016293
0.001424
0.047465
0.001526
0.016545
0.012190
0.001463
0.006025
0.001668
0.020056
0.014290
0.019021
0.015767
0.017691
0.009219
0.019729
0.014998
0.016185
0.006179
0.011831
0.010178
0.001431
0.005403
0.008987
0.001828
0.017057
0.001567
0.001850
0.001542
0.018099
0.001747
0.001910
0.012218
0.018545
0.015043
0.001858
0.008456
0.001740
0.001555
0.019172
0.017034
0.016674
0.020250
0.001944
0.016658
0.018036
0.002317
0.012639
0.030901
0.001496
0.001386
0.019069
0.012557
0.020625
0.001553
0.015895
0.010311
0.001966
0.001886
0.018509
0.001557
0.016348
0.001731
0.016216
0.001997
0.001917
0.001795
0.001412
0.001507
0.016903
0.001500
0.015192
0.001516
0.013138
0.019157
0.020360
0.011994
0.022172
0.001495
0.001887
0.001569
0.019927
0.015844
0.017243
0.001447
0.018846
0.017056
0.001436
0.001812
0.001523
0.001555
0.021443
0.001924
0.001770
0.001607
0.011815
0.001649
0.001537
0.001704
0.013491
0.014242
0.015858
0.001781
0.014385
0.015488
0.001609
0.014940
0.018218
0.010353
0.001544
0.032705
0.016290
0.001731
0.017704
0.011455
0.014642
0.017471
0.016884
0.010706
0.001541
0.001478
0.001586
0.022174
0.018000
0.013949
0.009298
0.015886
0.014444
0.018079
0.015161
0.001555
0.015473
0.001466
0.034246
0.011533
0.001361
0.015058
0.011682
0.019479
0.019085
0.001595
0.017783
0.020520
0.017457
0.001555
0.019593
0.015418
0.015536
0.001677
0.001463
0.032442
0.018802
0.009169
0.001483
0.013390
0.001519
0.001548
0.001468
0.013214
0.017381
0.017135
0.014659
0.001366
0.010311
0.030697
0.010241
0.010031
0.001571
0.001463
0.001472
0.014532
0.001422
0.001544
0.017103
0.017436
0.010918
rank:30	length:293	cost:5.94
0.022173
0.014998
0.020325
0.001644
0.016442
0.010504
0.001579
0.002071
0.012454
0.001596
0.001729
0.013331
0.012870
0.016875
0.013655
0.017563
0.001598
0.013006
0.022991
0.019223
0.001861
0.008681
0.001508
0.019217
0.028656
0.017850
0.004770
0.001456
0.001434
0.001747
0.001999
0.001809
0.001737
0.037308
0.017856
0.017257
0.020283
0.015122
0.005282
0.018124
0.009284
0.013568
0.001647
0.011689
0.001534
0.001892
0.001366
0.001424
0.016729
0.001999
0.020992
0.014924
0.016407
0.019033
0.002287
0.020790
0.035775
0.018306
0.001868
0.013879
0.019857
0.018937
0.016360
0.012460
0.001423
0.019038
0.014910
0.002740
0.002194
0.014647
0.014032
0.009902
0.014494
0.014128
0.016892
0.001490
0.001441
0.010447
0.012558
0.002034
0.022643
0.001732
0.020279
0.001748
0.015104
0.001500
0.001662
0.014950
0.009981
0.012632
0.019408
0.001620
0.002054
0.012397
0.023292
0.010938
0.015371
0.013787
0.001512
0.001488
0.001491
0.003019
0.015895
0.020195
0.007453
0.012840
0.020371
0.019747
0.001329
0.011915
0.008615
0.012814
0.001582
0.002001
0.019480
0.002247
0.009732
0.001537
0.022582
0.020706
0.001387
0.001374
0.008145
0.001736
0.015771
0.020779
0.010364
0.002213
0.001456
0.001525
0.015945
0.037789
0.014597
0.001765
0.018868
0.001552
0.016996
0.001588
0.030738
0.001675
0.001818
0.011512
0.104660
0.001587
0.020507
0.002188
0.015374
0.021871
0.009216
0.001818
0.020393
0.001982
0.017954
0.001482
0.124461
0.001686
0.025488
0.016272
0.001754
0.026497
0.021575
0.015092
0.001586
0.001793
0.012089
0.001499
0.002191
0.002626
0.001599
0.015993
0.001401
0.014097
0.008663
0.018463
0.014507
0.013896
0.017137
0.001472
0.017238
0.017005
0.001383
0.008390
0.002046
0.016829
0.009776
0.013620
0.002134
0.007814
0.001417
0.001880
0.001475
0.016317
0.001604
0.013035
0.027713
0.010321
0.005704
0.019441
0.001440
0.019661
0.017554
0.012923
0.002188
0.019254
0.001661
0.015078
0.018787
0.017046
0.009282
0.016433
0.001634
0.002054
0.019209
0.007987
0.012424
0.016536
0.001591
0.001681
0.016576
0.001445
0.001497
0.001605
0.032584
0.010920
0.001653
0.014666
0.020107
0.009117
0.001465
0.001625
0.009825
0.019396
0.017321
0.019129
0.014588
0.001765
0.001483
0.001753
0.001577
0.001378
0.017958
0.012373
0.011987
0.016402
0.001643
0.014811
0.021951
0.002099
0.017297
0.012949
0.017672
0.020610
0.001760
0.020055
0.014721
0.018636
0.028590
0.001716
0.035061
0.013567
0.001821
0.014484
0.016034
0.013367
0.017186
0.014232
0.013417
0.011735
0.013399
0.013086
0.022479
0.001566
0.001447
0.001351
0.022802
0.001681
0.001389
0.001446
0.001281
0.012503
0.019282
0.021382
0.001757
0.001661
0.019121
0.001387
0.013050
0.001371
0.017610
0.001377
0.001464
0.023117
0.017131
0.013638
0.001605
0.001671
0.012904
0.001430
0.016361
0.001451
0.018570
0.016087
0.011134
0.017960
0.016761
0.017398
0.001490
0.001567
0.066686
0.001547
0.027126
0.015708
0.019538
0.014669
0.001344
0.001614
0.008076
0.015753
0.001436
0.011620
0.020788
0.016122
0.001544
0.021831
0.001567
0.011322
0.012678
0.016938
0.020981
0.017861
0.001575
0.015330
0.001492
0.001395
0.050327
0.001327
0.014779
0.001370
0.015973
0.020863
0.001461
0.020109
0.001461
0.001510
0.013306
0.010330
0.012463
0.001479
0.001638
0.021980
0.001451
0.010870
rank:7	length:352	cost:6.53
0.002715
0.005795
0.015955
0.020085
0.013316
0.001518
0.014914
0.003378
0.014249
0.001505
0.017001
0.014364
0.010970
0.001310
0.001671
0.016668
0.014038
0.021481
0.019270
0.001809
0.020405
0.010251
0.012824
0.016540
0.001401
0.013594
0.001390
0.001468
0.014398
0.001696
0.012157
0.006814
0.034355
0.019934
0.002355
0.001732
0.017477
0.001629
0.001836
0.022557
0.021622
0.017733
0.021073
0.021302
0.018308
0.001305
0.012332
0.017156
0.014648
0.012485
0.018424
0.001527
0.002995
0.023395
0.016157
0.018508
0.017003
0.019546
0.012607
0.020369
0.001675
0.001893
0.013338
0.001782
0.002936
0.011065
0.014724
0.009856
0.014884
0.001857
0.001432
0.010740
0.001427
0.016816
0.002375
0.013648
0.001770
0.017325
0.001823
0.021257
0.001758
0.010409
0.001361
0.010578
0.002259
0.001615
0.017989
0.001799
0.015263
0.028382
0.001942
0.001514
0.005928
0.019724
0.002341
0.015607
0.011535
0.013692
0.018245
0.017256
0.014377
0.016345
0.019434
0.001370
0.017153
0.001873
0.001381
0.009472
0.018184
0.001936
0.001742
0.001808
0.012645
0.012590
0.001404
0.009239
0.001805
0.024149
0.001487
0.001695
0.015053
0.001540
0.008763
0.016338
0.001456
0.013955
0.001602
0.009945
0.002242
0.001486
0.020235
0.006397
0.001595
0.014212
0.018155
0.001629
0.022323
0.016703
0.016034
0.007725
0.012093
0.016494
0.002206
0.002220
0.014102
0.015652
0.017216
0.014933
0.011684
0.012740
0.028310
0.014829
0.001504
0.001512
0.001975
0.012446
0.022109
0.001545
0.001505
0.008728
0.037997
0.001550
0.001721
0.011518
0.011656
0.001412
0.016751
0.001745
0.010319
0.015376
0.002597
0.001496
0.038143
0.001574
0.001675
0.011668
0.001384
0.009534
0.014553
0.001710
0.001658
0.012678
0.014102
0.011843
0.001662
0.032244
0.011896
0.013700
0.001624
0.011434
0.008047
0.013607
0.001735
0.011444
0.014800
0.007832
0.001474
0.007281
0.011054
0.001730
0.013860
0.013251
0.001580
0.001440
0.017212
0.001409
0.001556
0.001398
0.023857
0.001778
0.011732
0.013338
0.010912
0.013267
0.001679
0.014777
0.017844
0.002055
0.001547
0.011197
0.001646
0.001412
0.015667
0.014746
0.019615
0.001510
rank:22	length:226	cost:4.16
0.027315
0.001851
0.001609
0.025628
0.021529
0.015020
0.002062
0.021096
0.014686
0.001621
0.018878
0.017213
0.017364
0.001630
0.001566
0.014255
0.016838
0.033046
0.001590
0.029485
0.018851
0.002453
0.001474
0.001434
0.002499
0.046550
0.017333
0.010746
0.017874
0.001513
0.002258
0.011948
0.016056
0.001716
0.001434
0.018783
0.035031
0.014189
0.014822
0.001525
0.012684
0.010701
0.015251
0.001551
0.015294
0.011764
0.001555
0.012708
0.001827
0.018284
0.001714
0.001852
0.015766
0.011776
0.011761
0.011084
0.001675
0.001558
0.001957
0.017272
0.001769
0.001380
0.017632
0.018341
0.010200
0.002542
0.018685
0.017229
0.031098
0.001499
0.015264
0.002270
0.001501
0.039715
0.002166
0.008979
0.002160
0.002151
0.016191
0.019511
0.015577
0.001783
0.017709
0.014355
0.013366
0.014221
0.014373
0.019274
0.014858
0.007797
0.001866
0.007983
0.002059
0.012544
0.007716
0.001475
0.001629
0.001736
0.001888
0.012509
0.018475
0.002064
0.015376
0.001354
0.001684
0.017578
0.049230
0.039411
0.042527
0.041591
0.019012
0.016509
0.001641
0.011870
0.062987
0.001498
0.018984
0.001577
0.024485
0.002452
0.035710
0.012663
0.001808
0.016387
0.001838
0.001895
0.022584
0.001745
0.001961
0.016213
0.001542
0.001449
0.001688
0.011078
0.001686
0.018988
0.002183
0.014877
0.001776
0.001549
0.014336
0.029145
0.008096
0.001398
0.010756
0.013009
0.018067
0.001795
0.016683
0.001929
0.013822
0.017877
0.013471
0.015528
0.016702
0.001484
0.001666
0.005510
0.019045
0.001762
0.009359
0.018476
0.001964
0.012674
0.011223
0.001760
0.013284
0.001704
0.034909
0.002109
0.001839
0.011564
0.015622
0.011787
0.002000
0.015124
0.016437
0.016771
0.001808
0.015636
0.023857
0.001582
0.001538
0.001606
0.007046
0.010947
0.021705
0.002023
0.013131
0.007483
0.001591
0.014608
0.001705
0.001689
0.001640
0.013381
0.001504
0.001791
0.009571
0.001836
0.011938
0.001731
0.002034
0.012320
0.013624
0.014735
0.001672
0.016448
0.018084
0.001876
0.009123
0.001429
0.017464
0.011376
0.030854
0.011186
0.019052
0.014643
0.017009
0.001593
0.001581
0.019629
0.001597
0.015901
0.001647
0.009096
0.028899
0.021419
0.009656
0.017048
0.001661
0.001667
0.001679
0.012997
0.001696
0.016380
0.013576
0.027856
0.014603
0.001556
0.001541
0.016960
0.001897
0.012656
0.015848
0.001495
0.001684
0.002288
0.017372
0.011565
0.001518
0.012285
0.001475
0.001534
0.013061
rank:14	length:255	cost:4.98
0.007774
0.001718
0.001727
0.002454
0.014696
0.040660
0.001741
0.015885
0.019136
0.001796
0.017596
0.013467
0.001690
0.014621
0.001553
0.016740
0.011177
0.001619
0.001513
0.014895
0.001355
0.013795
0.001550
0.021408
0.011232
0.016548
0.017399
0.016664
0.001717
0.002155
0.027420
0.001740
0.001671
0.019027
0.009320
0.008794
0.001890
0.014390
0.016478
0.017511
0.015421
0.014409
0.010082
0.002677
0.014182
0.007014
0.014785
0.001418
0.002009
0.001498
0.011725
0.012042
0.001435
0.032457
0.018014
0.001550
0.013240
0.011636
0.015701
0.011644
0.008215
0.001740
0.010072
0.009913
0.008592
0.015771
0.018619
0.015946
0.002174
0.025045
0.006941
0.001501
0.024829
0.022291
0.001336
0.001563
0.009338
0.009909
0.002236
0.021469
0.002059
0.035783
0.001653
0.016310
0.001839
0.001629
0.010777
0.018827
0.001555
0.001468
0.001585
0.024913
0.001389
0.002018
0.001951
0.021486
0.010588
0.002083
0.014090
0.010862
0.001320
0.011875
0.001686
0.001418
0.015973
0.015185
0.001932
0.003400
0.017825
0.015291
0.001641
0.022697
0.001602
0.033453
0.001716
0.014903
0.002153
0.019817
0.014927
0.019998
0.001672
0.016565
0.001768
0.016082
0.001620
0.016473
0.012474
0.013413
0.023021
0.021752
0.015904
0.018550
0.001857
0.002013
0.018041
0.001628
0.001749
0.001907
0.012810
0.001754
0.016670
0.001498
0.020382
0.001542
0.002076
0.018988
0.001471
0.010400
0.015279
0.002019
0.017068
0.001843
0.001534
0.017175
0.018239
0.012603
0.001472
0.001588
0.021234
0.002417
0.013454
0.033808
0.015281
0.021640
0.015715
0.001607
0.008513
0.011508
0.014116
0.017332
0.018656
0.010660
0.001827
0.024375
0.016202
0.001820
0.001554
0.027332
0.001764
0.022797
0.001598
0.016663
0.001589
0.016895
0.016343
0.002354
0.016606
0.012219
0.001886
0.001779
0.015069
0.017572
0.001779
0.001356
0.001729
0.012811
0.019180
0.014639
0.001493
0.011504
0.016381
0.001507
0.034497
0.016534
0.013821
0.013992
0.001691
0.013462
0.017180
0.001602
0.012075
0.001655
0.019141
0.013279
0.017368
0.016938
0.001522
0.040947
0.015053
0.001589
0.001854
0.001896
0.010046
0.022036
0.001801
0.016227
0.001678
0.015057
0.001631
0.012235
0.014011
0.013508
0.012519
0.001445
0.033188
0.001569
0.018357
0.002019
0.015760
0.001661
0.001564
0.002095
0.001721
0.001618
0.001873
0.001560
0.012687
0.014290
0.023459
0.017809
0.001536
0.011389
0.001397
0.014339
0.017558
0.001648
0.016945
0.002265
0.012707
0.001588
0.015671
0.023440
0.014443
0.001497
0.013026
0.019168
0.001507
0.012457
0.001587
0.012710
0.002375
0.019400
0.001662
0.001977
0.019499
0.002097
0.001751
0.016530
0.016611
0.018089
0.017262
0.001737
0.013549
0.016194
0.016555
0.001768
0.001626
0.016014
0.014185
0.001517
0.017048
0.010789
0.024582
0.001517
0.012210
0.001557
0.022645
0.014629
0.001436
0.010964
0.001464
0.001728
0.021370
0.001560
0.012140
0.013658
0.001724
0.001501
0.001629
0.014223
0.018531
0.011469
0.011701
0.001522
0.001594
0.011860
0.015938
0.001675
0.001676
0.016394
0.013675
0.001791
0.001438
0.012599
0.017153
0.011882
0.001495
0.007559
0.018226
0.001480
0.001640
0.008466
0.012184
0.008888
0.019960
0.010746
0.008236
0.016527
0.001677
0.014785
0.001675
0.001666
0.011049
0.001764
0.001686
0.014464
0.001864
0.001732
0.009810
0.018443
0.013979
0.013795
0.016117
0.001511
0.001478
0.017260
rank:29	length:356	cost:5.60
0.014070
0.015125
0.001567
0.001727
0.001795
0.016790
0.022978
0.038306
0.010213
0.002577
0.001335
0.017790
0.001864
0.001444
0.015120
0.007595
0.020745
0.012460
0.013096
0.019610
0.022386
0.018176
0.012623
0.008803
0.017924
0.010041
0.030246
0.022964
0.018526
0.011171
0.001530
0.017143
0.019107
0.022158
0.013817
0.013274
0.010704
0.013507
0.020485
0.001540
0.001565
0.001387
0.013951
0.001673
0.001618
0.001544
0.001446
0.001300
0.017107
0.017848
0.018996
0.016576
0.001547
0.016958
0.001465
0.001455
0.017419
0.009022
0.013893
0.001470
0.001377
0.001285
0.001780
0.012685
0.013711
0.015069
0.001580
0.017521
0.012612
0.001606
0.002175
0.001423
0.001420
0.014907
0.001310
0.016824
0.019891
0.012859
0.013723
0.014823
0.010853
0.018473
0.020149
0.015099
0.015578
0.012410
0.010477
0.016319
0.001708
0.001901
0.002168
0.001653
0.017465
0.020200
0.020752
0.016014
0.012206
0.001573
0.015326
0.017780
0.018767
0.018681
0.001766
0.018638
0.019273
0.016269
0.001727
0.012659
0.001597
0.020801
0.001807
0.014069
0.002016
0.018130
0.018680
0.045929
0.019309
0.016508
0.001468
0.011339
0.001401
0.018701
0.010330
0.001617
0.001325
0.019945
0.002090
0.002040
0.022485
0.002874
0.011407
0.001525
0.020027
0.017227
0.008464
0.021523
0.019910
0.002008
0.020936
0.001501
0.001524
0.014503
0.016966
0.025162
0.001690
0.013630
0.013369
0.016462
0.016179
0.018264
0.112678
0.013969
0.001359
0.001450
0.018196
0.001808
0.022975
0.019090
0.018930
0.012953
0.021550
0.017260
0.018346
0.013943
0.001701
0.001603
0.001669
0.002023
0.001809
0.033975
0.001420
0.017842
0.001466
0.001562
0.011992
0.019352
0.015510
0.016043
0.014963
0.019853
0.017069
0.001359
0.019221
0.001819
0.001596
0.013022
0.001713
0.018189
0.001674
0.010434
0.001432
0.021029
0.001485
0.001647
0.001613
0.013067
0.016606
0.014580
0.001518
0.012497
0.029206
0.001594
0.018604
0.017618
0.016439
0.001605
0.023911
0.001488
0.018039
0.016505
0.008161
0.001555
0.001355
0.001697
0.001990
0.001818
0.057772
0.021208
0.022118
0.001624
0.006229
0.012674
0.015105
0.018813
0.031259
0.001440
0.015290
0.001952
0.016288
0.002135
0.001799
0.041003
0.019150
0.024230
0.042589
0.001722
0.001667
0.001524
0.013013
0.022524
0.013257
0.001395
0.018269
0.008611
0.011297
0.013027
0.001699
0.001909
0.001440
0.001465
0.015752
0.015022
0.009955
0.001615
0.011293
0.008199
0.017543
0.018654
0.016591
0.001421
0.001419
0.044628
0.015488
0.012076
rank:21	length:264	cost:5.05
0.014292
0.018650
0.013717
0.016062
0.013270
0.001709
0.025682
0.001877
0.001715
0.014513
0.002193
0.002217
0.021076
0.001870
0.001562
0.001487
0.013553
0.015165
0.020927
0.015373
0.001674
0.001607
0.008782
0.001617
0.001572
0.019498
0.001467
0.029775
0.022738
0.002060
0.001491
0.001717
0.012645
0.001540
0.015633
0.002295
0.016408
0.001692
0.001705
0.001683
0.015756
0.014932
0.001474
0.012905
0.015818
0.001723
0.011078
0.009710
0.001343
0.001372
0.001514
0.001552
0.023602
0.013765
0.001847
0.013531
0.037245
0.026655
0.023235
0.001875
0.001617
0.002207
0.013874
0.027009
0.018160
0.019617
0.015999
0.010486
0.002194
0.002900
0.001902
0.014706
0.013909
0.015190
0.015127
0.041504
0.011386
0.001504
0.038514
0.001542
0.019179
0.001719
0.010137
0.018598
0.002136
0.013653
0.032876
0.016510
0.017219
0.019496
0.002085
0.001568
0.001531
0.001363
0.020686
0.019789
0.011807
0.020477
0.001557
0.026194
0.023928
0.018568
0.013424
0.012727
0.011001
0.001551
0.001560
0.009990
0.001530
0.013767
0.013513
0.002125
0.001817
0.014160
0.016847
0.001744
0.019281
0.001812
0.011072
0.019066
0.015139
0.014135
0.012713
0.016768
0.001760
0.001739
0.041630
0.001444
0.019962
0.001382
0.012529
0.001443
0.019203
0.001534
0.016801
0.001454
0.001471
0.001290
0.020733
0.017066
0.011327
0.002037
0.014483
0.001521
0.014890
0.009501
0.027129
0.017211
0.014508
0.001573
0.013765
0.013464
0.001510
0.001640
0.019096
0.017093
0.001493
0.020073
0.017007
0.007731
0.001371
0.001520
0.010427
0.001590
0.005259
0.001497
0.002035
0.001674
0.015707
0.013962
0.001520
0.002020
0.016646
0.001459
0.019200
0.010198
0.001771
0.001722
0.002545
0.012764
0.001804
0.016829
0.001488
0.001482
0.002257
0.019823
0.016322
0.001606
0.014631
0.001630
0.017865
0.020273
0.009887
0.014650
0.017399
0.001614
0.001427
0.018810
0.015640
0.002557
0.014477
0.001594
0.017622
0.011627
0.013034
0.013280
0.028977
0.001563
0.001434
0.014124
0.018819
0.016818
0.001535
0.001480
0.014010
0.001389
0.001480
0.015285
0.001528
0.005859
0.001648
0.017576
0.001449
0.011414
0.013430
0.001643
0.002040
0.001473
0.012636
0.001591
0.001499
0.008068
0.011737
0.012458
0.001419
0.015507
rank:19	length:236	cost:4.68
0.013866
0.001738
0.017141
0.013816
0.001863
0.011655
0.018585
0.016787
0.014720
0.002299
0.015631
0.021754
0.012980
0.001577
0.015973
0.001458
0.016424
0.022229
0.001555
0.001487
0.010768
0.019355
0.001594
0.018897
0.011403
0.001528
0.014294
0.011070
0.001754
0.001636
0.001542
0.001369
0.016759
0.014853
0.002757
0.001406
0.017972
0.001324
0.001432
0.013943
0.011359
0.011867
0.016973
0.011334
0.001622
0.001833
0.018711
0.001519
0.014646
0.003030
0.002002
0.001511
0.018695
0.001557
0.011891
0.001425
0.017938
0.011702
0.020618
0.001658
0.001769
0.001420
0.014443
0.012851
0.006802
0.023834
0.001338
0.015206
0.015413
0.001639
0.001684
0.016833
0.013999
0.038143
0.001671
0.009977
0.012624
0.036384
0.001707
0.015512
0.019065
0.001445
0.017025
0.017256
0.021500
0.002270
0.001783
0.002101
0.017571
0.001722
0.011553
0.016057
0.014470
0.015360
0.012152
0.014048
0.001941
0.023644
0.011624
0.001685
0.018872
0.015363
0.001369
0.001371
0.007228
0.001380
0.024552
0.001456
0.025222
0.007376
0.001596
0.013629
0.012440
0.014304
0.001625
0.001428
0.025207
0.013071
0.018407
0.001422
0.001647
0.011491
0.010321
0.001987
0.001606
0.001488
0.001752
0.001543
0.001799
0.011946
0.018778
0.009500
0.056803
0.023111
0.016728
0.002035
0.016632
0.002558
0.018654
0.001777
0.018932
0.017172
0.001658
0.002001
0.015965
0.025653
0.009998
0.010815
0.001697
0.008873
0.016898
0.013510
0.001527
0.016748
0.001737
0.027572
0.015587
0.001603
0.032339
0.001626
0.010209
0.001467
0.015212
0.023324
0.016490
0.002314
0.019733
0.009176
0.011678
rank:25	length:169	cost:2.63
0.006445
0.032585
0.002837
0.016217
0.001738
0.013793
0.018403
0.012270
0.002073
0.002447
0.016417
0.009830
0.021030
0.014612
0.001783
0.001414
0.016176
0.024286
0.001487
0.014323
0.017521
0.001779
0.014507
0.016759
0.020384
0.018818
0.001714
0.002290
0.020871
0.016239
0.002242
0.014798
0.001464
0.007964
0.002100
0.013007
0.014559
0.001413
0.012028
0.011349
0.014678
0.012914
0.001595
0.001654
0.019807
0.014737
0.001640
0.011491
0.012474
0.017890
0.013992
0.031509
0.019948
0.001545
0.001453
0.017463
0.018426
0.016411
0.001474
0.015464
0.014532
0.001713
0.001633
0.019834
0.001786
0.018083
0.019691
0.014554
0.001527
0.019057
0.028924
0.001870
0.011324
0.012736
0.012980
0.001680
0.013764
0.001588
0.018473
0.001662
0.001895
0.002204
0.002183
0.031291
0.013298
0.016282
0.012339
0.034430
0.013741
0.001586
0.013823
0.012649
0.018693
0.012695
0.013076
0.001835
0.015314
0.001536
0.001680
0.012977
0.015585
0.014389
0.001517
0.013383
0.001351
0.009938
0.011489
0.019721
0.001886
0.001560
0.011965
0.011969
0.011463
0.001604
0.001526
0.001253
0.007929
0.018187
0.001569
0.017382
0.011584
0.017188
0.018576
0.017191
0.002121
0.019869
0.016411
0.018551
0.028516
0.001762
0.002032
0.002057
0.014855
0.005320
0.011387
0.013064
0.031124
0.015081
0.014117
0.001305
0.005943
0.001578
0.001709
0.013962
0.011468
0.017384
0.001474
0.001580
0.008380
0.028950
0.013355
0.021493
0.016980
0.008846
0.001558
0.001869
0.001307
0.001576
0.002117
0.015383
0.022876
0.001448
0.011806
0.012002
0.001618
0.030678
0.013420
0.001447
0.009096
0.012349
0.006883
0.001789
0.017318
0.002009
0.001596
0.012407
0.015311
0.023145
0.020844
0.001484
0.013880
0.021867
0.018287
0.018909
0.018591
0.001568
0.013508
0.013052
0.020242
0.001589
0.001358
0.015838
0.019291
0.013511
0.029033
0.001823
0.001685
0.023496
0.001476
0.002530
0.024834
0.017347
0.030948
0.017908
0.010513
0.001861
0.020660
0.016002
0.019620
0.018538
0.018357
0.001456
0.001627
0.010944
0.031619
0.001984
0.049929
0.001540
0.022845
0.014797
0.018288
0.019705
0.019953
0.010764
0.018215
0.032564
0.012512
0.001337
0.013400
0.001667
0.001501
0.018131
0.018155
0.001448
0.001413
0.001355
0.016946
0.001453
0.001360
0.015800
0.014656
0.001452
0.020978
0.019744
0.015964
0.017819
0.001448
0.018738
0.013661
0.011073
0.027185
0.018290
0.010536
0.015396
0.014468
0.001707
0.001442
0.013548
0.001420
0.021004
0.001498
0.017562
0.001406
0.018095
0.012189
0.011962
0.001400
0.021415
0.001675
0.001390
0.021298
0.001436
0.001462
0.012627
0.006571
0.001433
0.011127
0.011559
0.014984
0.001377
0.001396
0.018898
0.019171
0.017825
0.012977
0.013062
0.001404
0.001649
0.013980
0.010276
0.009010
0.001400
0.016626
0.020053
0.010477
0.001645
0.001533
0.001408
0.001527
0.001614
0.002052
0.001458
0.018038
0.012449
0.009609
0.001610
0.010958
0.001462
0.012104
0.011155
0.010603
0.001506
0.011275
0.008914
0.011460
0.033813
0.012264
0.012242
0.020375
0.001451
0.001431
0.001543
0.013300
0.001536
0.017277
0.012346
0.019028
0.004766
0.016778
0.001414
0.016632
0.001622
0.001501
0.001574
0.018475
0.006718
0.004861
0.001465
0.016427
0.012130
0.014910
0.001451
0.001570
0.001545
0.001494
0.008010
0.011626
0.038080
0.016614
0.001559
0.009313
0.001567
0.001504
0.001505
0.008491
0.001559
0.017646
0.017330
0.001514
0.001650
0.015600
0.001519
0.001528
0.019170
0.006517
0.006068
0.001407
0.019511
0.008482
0.016962
rank:26	length:370	cost:6.78
0.007489
0.014067
0.012574
0.018058
0.026905
0.001892
0.016778
0.025506
0.001479
0.020174
0.001704
0.015607
0.013819
0.002001
0.018881
0.021808
0.011818
0.023071
0.014775
0.001641
0.012910
0.001891
0.001675
0.001729
0.014728
0.014313
0.015077
0.018585
0.001879
0.029551
0.016311
0.017555
0.001725
0.017924
0.001464
0.001632
0.002152
0.015418
0.019521
0.018859
0.017476
0.001471
0.001485
0.001543
0.021316
0.023939
0.015983
0.001843
0.001476
0.014113
0.001480
0.010445
0.021424
0.019416
0.018035
0.019143
0.015815
0.018876
0.001558
0.001468
0.014376
0.001694
0.002022
0.001563
0.001766
0.014050
0.001624
0.002376
0.018273
0.001881
0.013979
0.001764
0.001847
0.001952
0.019987
0.001612
0.015969
0.011623
0.001676
0.013157
0.014530
0.002522
0.002163
0.019155
0.001826
0.016457
0.012300
0.013022
0.014400
0.001654
0.029700
0.015696
0.001548
0.028633
0.018766
0.010804
0.001352
0.011086
0.023387
0.014243
0.001920
0.011497
0.001618
0.013828
0.012203
0.018508
0.014816
0.002562
0.019788
0.001864
0.001622
0.016332
0.018475
0.014870
0.013170
0.001470
0.019192
0.029785
0.019779
0.021944
0.022595
0.001595
0.001619
0.015318
0.001471
0.001424
0.001397
0.012536
0.010833
0.016985
0.020656
0.001564
0.001897
0.015987
0.001541
0.002010
0.001567
0.017326
0.009962
0.002562
0.016193
0.001674
0.001574
0.015678
0.001510
0.002361
0.014183
0.019104
0.008862
0.015744
0.017027
0.015946
0.017745
0.002275
0.026397
0.001728
0.001650
0.014563
0.013762
0.013811
0.016015
0.001917
0.001427
0.016236
0.014702
0.024361
0.005470
0.001815
0.016365
0.016916
0.012935
0.001446
0.015044
0.017173
0.001581
0.018843
0.010756
0.014869
0.013502
0.001681
0.001393
0.001508
0.019209
0.012115
0.001516
0.020043
0.001513
0.001479
0.012386
0.001566
0.013656
0.017354
0.013979
0.014869
0.006442
0.010794
0.036980
0.017420
0.029758
0.001659
0.015503
0.012613
0.018846
0.001629
0.001911
0.001514
0.014791
0.001593
0.018435
0.002093
0.001335
0.016808
0.001550
0.007591
0.014509
0.008262
0.010306
0.002173
0.016856
0.001715
0.024647
0.001421
0.001426
0.012920
0.015805
0.001642
0.001491
0.001431
0.001570
0.013591
0.001818
0.023013
0.001535
0.014347
0.001705
0.009181
0.001748
0.008240
0.014670
0.002301
0.001793
rank:11	length:241	cost:5.13
0.031412
0.013724
0.001522
0.001416
0.001650
0.001865
0.017541
0.019101
0.012312
0.001533
0.012640
0.016521
0.002977
0.013964
0.003278
0.016273
0.002016
0.013930
0.016065
0.011066
0.001770
0.001461
0.017452
0.016021
0.001627
0.023334
0.001527
0.016234
0.013049
0.027634
0.001408
0.014298
0.002035
0.017150
0.001812
0.016387
0.002218
0.018390
0.013032
0.012325
0.016398
0.015722
0.001800
0.017053
0.014900
0.014803
0.019749
0.001492
0.016182
0.002722
0.001425
0.002752
0.001965
0.014051
0.019603
0.001624
0.018259
0.011355
0.001507
0.001473
0.014340
0.016429
0.001502
0.027903
0.012181
0.015373
0.001891
0.012134
0.018296
0.001389
0.019317
0.011952
0.001915
0.001714
0.021113
0.001508
0.018666
0.016683
0.015572
0.001601
0.001620
0.007066
0.001908
0.015553
0.001510
0.001880
0.002336
0.014973
0.018852
0.023119
0.001648
0.017271
0.035862
0.001585
0.011489
0.012976
0.001710
0.001708
0.001729
0.020564
0.016104
0.001638
0.010669
0.013810
0.019678
0.024586
0.027256
0.015250
0.012955
0.013358
0.021355
0.020247
0.001737
0.015456
0.022103
0.001663
0.001651
0.012533
0.012585
0.019922
0.001594
0.023211
0.001843
0.015943
0.001661
0.011385
0.001441
0.009923
0.001775
0.015899
0.001540
0.001598
0.013346
0.001598
0.021839
0.008776
0.011419
0.003079
0.023712
0.001724
0.017784
0.002319
0.016169
0.036982
0.019423
0.001676
0.001757
0.019258
0.020372
0.009603
0.018866
0.021489
0.019112
0.020208
0.017347
0.036979
0.001759
0.001426
0.014323
0.009186
0.018699
0.014838
0.010897
0.015952
0.023736
0.010899
0.014196
0.038534
0.024004
0.002390
0.001528
0.018578
0.015570
0.022346
0.009374
0.025016
0.010396
0.001875
0.001831
0.001579
0.001489
0.001539
0.001456
0.001505
0.033072
0.032356
0.009940
0.011749
0.014592
0.001611
0.012066
0.007745
0.016619
0.010482
0.007860
0.017279
0.001529
0.002141
0.012207
0.001491
0.011281
0.014857
0.001578
0.001788
0.001404
0.020772
0.015505
0.011842
0.001696
0.011958
0.001835
0.014459
0.002149
0.001395
0.001448
0.014294
0.009049
0.002048
0.018759
0.001999
0.001872
0.010510
0.019856
0.001523
0.001583
0.009158
0.020740
0.011431
0.001758
0.016459
0.023202
0.001451
0.001490
0.001540
0.012387
0.014193
0.001662
0.001372
0.016214
0.019458
0.001835
0.001489
0.010112
0.001620
0.001639
0.019825
0.001946
0.001680
0.022192
0.016795
0.001644
0.020147
0.018919
0.020884
0.022224
0.012315
0.001490
0.017265
0.001563
0.020034
0.017343
0.001483
0.013705
0.017243
0.001549
0.001594
0.012700
0.001520
0.017675
0.001619
0.008985
0.001729
0.016035
0.012174
0.001525
0.010275
0.001740
0.010888
0.013305
0.015045
rank:13	length:280	cost:5.20
0.020103
0.001896
0.017763
0.001619
0.023244
0.002457
0.022845
0.015436
0.019673
0.001736
0.009725
0.001444
0.009584
0.016955
0.012439
0.001759
0.019815
0.001872
0.017401
0.002066
0.002185
0.016055
0.001477
0.001654
0.001426
0.014974
0.001397
0.050154
0.052197
0.010431
0.011936
0.010768
0.010835
0.001424
0.018680
0.030444
0.015303
0.012532
0.027036
0.017838
0.001626
0.001816
0.002617
0.015805
0.011238
0.001486
0.001612
0.001780
0.002082
0.014028
0.020156
0.011466
0.001477
0.001619
0.001923
0.001651
0.014612
0.011651
0.014462
0.002440
0.014298
0.016285
0.021735
0.001611
0.002011
0.016025
0.010732
0.012259
0.014962
0.001615
0.018035
0.015570
0.028892
0.001887
0.018713
0.012084
0.019444
0.001581
0.020126
0.013695
0.020049
0.023020
0.001791
0.015653
0.018154
0.017595
0.001772
0.001504
0.020408
0.012731
0.014779
0.001669
0.001889
0.001479
0.001737
0.016773
0.019246
0.014208
0.001863
0.023050
0.017571
0.019274
0.009519
0.019432
0.011379
0.001553
0.001912
0.001361
0.007937
0.018716
0.023771
0.001560
0.001554
0.002016
0.010005
0.014727
0.023729
0.002188
0.001538
0.001887
0.001635
0.001580
0.012496
0.018488
0.015260
0.019610
0.013683
0.009797
0.033738
0.015102
0.016935
0.001649
0.018457
0.011884
0.001416
0.029647
0.018265
0.007467
0.016918
0.001478
0.012146
0.013630
0.014394
0.047779
0.001796
0.015615
0.001461
0.001569
0.001576
0.003540
0.013634
0.001552
0.011472
0.014976
0.020325
0.001886
0.016748
0.001701
0.016217
0.002261
0.011048
0.001536
0.001597
0.013225
0.012343
0.013702
0.012064
0.012559
0.003154
0.001456
0.001485
0.019299
0.017270
0.001703
0.018653
0.022096
0.001812
0.002250
0.002276
0.013045
0.001576
0.001661
0.013647
0.010010
0.017256
0.020159
0.001531
0.001574
0.012195
0.015165
0.017454
0.001588
0.014964
0.001649
0.001850
0.001636
0.001607
0.010792
0.019189
0.019560
0.015010
0.013754
0.023353
0.001731
0.009962
0.011274
0.016563
0.001642
0.012677
0.001829
0.014146
0.013894
0.001590
0.001652
0.009105
0.001631
0.006886
0.001725
0.001482
0.009657
0.019497
0.009916
0.009632
0.021290
0.012255
0.015524
0.023054
0.001834
0.020779
0.001623
0.013268
0.016794
0.001563
0.015742
0.001568
0.009184
0.018046
0.001835
0.012804
0.002010
0.001983
0.001537
0.017779
0.012122
0.018570
0.014621
0.001584
0.019090
0.021969
0.013670
0.001501
rank:28	length:251	cost:4.52
0.004675
0.005278
0.002424
0.033729
0.009520
0.013495
0.020369
0.001750
0.001859
0.015876
0.015399
0.012070
0.023741
0.014582
0.001494
0.006091
0.011166
0.001738
0.001451
0.020564
0.012704
0.001552
0.016309
0.015904
0.017599
0.002235
0.016374
0.019255
0.009654
0.001777
0.018070
0.001963
0.021621
0.001749
0.018771
0.014566
0.001605
0.002693
0.017860
0.014939
0.015515
0.006303
0.001413
0.014027
0.010499
0.001541
0.010995
0.001443
0.017920
0.001361
0.011105
0.016910
0.013176
0.015463
0.001722
0.014171
0.001811
0.017845
0.013523
0.001717
0.002904
0.018711
0.014731
0.019609
0.020036
0.020315
0.014898
0.018884
0.014190
0.018492
0.015629
0.001458
0.001742
0.024267
0.021274
0.017374
0.012097
0.001298
0.014718
0.015989
0.018706
0.015115
0.001820
0.012269
0.001455
0.017965
0.015960
0.015258
0.016553
0.015629
0.017041
0.024499
0.007394
0.001275
0.014494
0.017813
0.035288
0.001692
0.013653
0.001546
0.001935
0.016952
0.015699
0.016554
0.011931
0.001624
0.024000
0.013890
0.008879
0.001766
0.001530
0.014396
0.001802
0.019085
0.012052
0.020174
0.014103
0.001638
0.019025
0.001697
0.016690
0.015839
0.001525
0.014679
0.001599
0.017959
0.001454
0.018121
0.001957
0.014137
0.013729
0.001515
0.023692
0.018900
0.001484
0.013745
0.001780
0.017485
0.013880
0.010064
0.001573
0.014078
0.009009
0.020631
0.014623
0.001643
0.015643
0.001626
0.015101
0.018155
0.001434
0.011647
0.001989
0.015085
0.002583
0.015293
0.017272
0.010100
0.013568
0.001372
0.001563
0.009906
0.014046
0.001452
0.020932
0.001792
0.011292
0.019350
0.001699
0.001485
0.011985
0.010892
0.001642
0.021200
0.018291
0.001632
0.002074
0.001651
0.019771
0.012619
0.001586
0.001390
0.008448
0.011904
0.014172
0.013820
0.013184
0.009247
0.001518
0.002209
0.001502
0.019189
0.001496
0.008963
0.013228
0.001726
0.001608
0.015139
0.001584
0.008910
0.001518
0.001759
0.001815
0.013266
0.001595
0.019171
0.016802
0.012453
0.018503
0.015227
0.018577
0.017067
0.016699
0.008831
0.034617
0.001481
0.017814
0.015588
0.001475
0.019860
0.013108
0.011310
0.018103
0.001399
0.015145
0.015011
0.001497
0.009765
0.009839
0.007215
0.001791
0.025998
0.015606
0.018242
0.015272
0.001541
0.014597
0.001464
0.001513
0.013279
0.009499
0.033365
0.001627
0.013984
0.011797
0.001506
0.001548
0.010155
0.007881
0.006055
0.014240
0.001378
0.001489
0.001536
rank:10	length:254	cost:5.24
0.007288
0.004001
0.012472
0.013447
0.001772
0.015101
0.009470
0.016632
0.001423
0.015942
0.001467
0.001439
0.018992
0.043327
0.033436
0.001616
0.001393
0.001267
0.009822
0.009967
0.014179
0.022128
0.017849
0.019757
0.015275
0.001798
0.001768
0.001388
0.001731
0.018613
0.017633
0.001475
0.024558
0.001534
0.017542
0.001902
0.001358
0.001419
0.014720
0.001308
0.016653
0.021690
0.012739
0.016525
0.011630
0.016056
0.001642
0.001379
0.010108
0.004473
0.002212
0.001416
0.001372
0.009271
0.001792
0.001601
0.014872
0.013796
0.012098
0.016218
0.001625
0.017746
0.016949
0.002507
0.001366
0.015914
0.001852
0.001419
0.001662
0.013220
0.013286
0.001379
0.001764
0.035263
0.017805
0.015910
0.007463
0.001563
0.015849
0.001502
0.001246
0.017166
0.015913
0.002166
0.014148
0.001647
0.007813
0.001796
0.011321
0.001374
0.018100
0.001425
0.022255
0.001358
0.001364
0.001355
0.001750
0.017076
0.001375
0.001530
0.015562
0.043677
0.017553
0.022761
0.024140
0.013967
0.017562
0.012110
0.055690
0.001948
0.001519
0.010991
0.015824
0.017822
0.001680
0.014960
0.003000
0.014451
0.014946
0.010518
0.015744
0.001597
0.001466
0.008973
0.001779
0.012493
0.022004
0.008110
0.019182
0.017651
0.001705
0.018864
0.002004
0.012795
0.001750
0.001534
0.001560
0.033256
0.001703
0.013257
0.016072
0.016471
0.001722
0.014573
0.016798
0.024676
0.008326
0.019553
0.010914
0.007909
0.019812
0.016650
0.001410
0.016440
0.001771
0.001558
0.001506
0.001892
0.014188
0.001485
0.002616
0.006548
0.013112
0.001541
0.011414
0.024057
0.059821
0.001486
0.027170
0.002266
0.017219
0.001726
0.001478
0.025442
0.001979
0.024472
0.022155
0.001638
0.016998
0.002099
0.010571
0.013783
0.001619
0.001579
0.012329
0.016562
0.020643
0.014230
0.024698
0.001488
0.001749
0.001603
0.015437
0.001431
0.001932
0.017556
0.001658
0.001575
0.017094
0.001418
0.001564
0.001321
0.019661
0.001582
0.011139
0.001342
0.001662
0.013178
0.027585
0.016725
0.013488
0.039069
0.022714
0.020525
0.002267
0.002128
0.007678
0.001602
0.001549
0.001938
0.002257
0.002164
0.001476
0.016013
0.001456
0.016871
0.019719
0.026755
0.021510
0.026822
0.001463
0.001485
0.001414
0.002025
0.001374
0.016461
0.017810
0.020266
0.017790
0.015402
0.006234
0.001325
0.001952
0.019338
0.018148
0.011693
0.001868
0.010844
0.019247
0.014875
0.011499
0.013128
0.001573
0.019108
0.018328
0.001998
0.039241
0.024149
0.003040
0.015783
0.001530
0.015328
0.016141
0.011903
0.001568
0.012567
0.010321
0.014042
0.017926
0.001962
0.011277
0.001672
0.001936
0.001823
0.021672
0.021077
0.001658
0.020702
0.020217
0.018300
0.028915
0.014769
0.018754
0.018227
0.019065
0.016605
0.001735
0.001932
0.013974
0.019129
0.022141
0.001388
0.015568
0.001398
0.012962
0.019054
0.020971
0.017182
0.017154
0.001606
0.001530
0.001453
0.013994
0.013362
0.017318
0.001688
0.001947
0.013285
0.013096
0.029781
0.018233
0.001391
0.010845
0.001655
0.008113
0.001619
0.022211
0.013098
rank:6	length:318	cost:5.68
0.008595
0.002779
0.017628
0.015221
0.019832
0.018462
0.013452
0.001409
0.007909
0.009372
0.018166
0.015222
0.001675
0.001245
0.021446
0.011706
0.017835
0.001599
0.017631
0.012704
0.014084
0.014007
0.001465
0.037872
0.001471
0.019320
0.017143
0.014576
0.015479
0.001304
0.013193
0.001688
0.001550
0.009558
0.007758
0.001524
0.017445
0.017246
0.001216
0.019035
0.014332
0.002431
0.002373
0.001544
0.015609
0.002271
0.016515
0.001455
0.001455
0.017634
0.017039
0.027752
0.001649
0.009918
0.002049
0.055105
0.002802
0.016972
0.002899
0.039102
0.001880
0.016851
0.016385
0.014221
0.009244
0.001730
0.008943
0.014023
0.012699
0.012446
0.002522
0.001729
0.008892
0.001685
0.009326
0.018564
0.001720
0.001778
0.012625
0.015737
0.002646
0.002423
0.027011
0.001864
0.002013
0.008408
0.014083
0.014721
0.006254
0.016586
0.001588
0.001313
0.018206
0.010083
0.013211
0.020299
0.013532
0.014260
0.001418
0.001484
0.019106
0.011446
0.001598
0.015701
0.001643
0.008307
0.017626
0.001907
0.001965
0.001528
0.017400
0.020560
0.020332
0.016764
0.029614
0.001917
0.001641
0.023191
0.002269
0.013144
0.001538
0.025202
0.011226
0.001565
0.016443
0.016665
0.019598
0.001904
0.011756
0.015226
0.018941
0.015680
0.016992
0.001653
0.009343
0.001725
0.010904
0.021432
0.001878
0.012998
0.012754
0.017907
0.014291
0.001580
0.023109
0.001583
0.018864
0.017762
0.002210
0.033292
0.001738
0.001920
0.001417
0.001589
0.016429
0.002252
0.015882
0.001714
0.012237
0.010596
0.018283
0.020811
0.001827
0.019110
0.001482
0.016386
0.033403
0.012937
0.009431
0.001536
0.001432
0.009587
0.001686
0.020553
0.001808
0.017544
0.016185
0.001437
0.013430
0.024197
0.001759
0.013637
0.001608
0.015530
0.010042
0.015300
0.001709
0.016983
0.018136
0.001495
0.019559
0.001765
0.001408
0.001304
0.024145
0.013968
0.001951
0.013949
0.011700
0.018973
0.019083
0.010555
0.018815
0.017216
0.015135
0.001559
0.001487
0.001635
0.001461
0.001490
0.001493
0.001720
0.020459
0.012417
0.001412
0.021027
0.032075
0.008315
0.016734
0.022229
0.020400
0.033961
0.017126
0.001622
0.001593
0.001742
0.018037
0.010770
0.007533
0.013246
0.001384
0.001441
0.015815
0.014479
0.014145
0.001722
0.001511
0.001577
0.018331
0.018522
0.036837
0.017609
0.019610
0.001588
0.001387
0.014524
0.001597
0.001609
0.001783
0.016826
0.013238
0.001586
0.017460
0.016621
0.015197
0.013633
0.001454
0.019736
0.015542
0.001537
0.001452
0.001749
0.016932
0.013478
0.012503
0.018106
0.001627
0.012294
0.012726
0.015165
0.022997
0.013175
0.001761
0.013075
0.001558
0.014159
0.025838
0.001666
0.014665
0.017686
0.020307
0.021969
0.007747
0.020234
0.001404
0.001457
0.011561
0.019754
0.013337
0.001440
0.001471
0.011668
0.012716
0.012049
0.001758
0.001581
0.017958
0.009669
0.013526
0.001416
0.018500
0.011969
0.001446
0.001654
0.001546
0.013755
0.016122
0.001410
0.015304
0.011956
0.001449
0.013562
0.001581
0.012552
0.001444
0.032311
0.001518
0.018630
0.013419
0.001359
0.017473
0.015249
0.001413
0.017892
0.014853
0.016328
0.001357
0.015370
0.001391
0.015549
0.014680
0.016143
0.018458
0.001415
0.001600
0.001348
0.012857
0.016731
0.020899
0.001746
0.033125
0.010898
0.020056
0.023806
0.001371
0.013634
0.009945
0.020054
0.001420
0.001375
0.001440
0.001353
0.009414
0.001556
0.001422
0.016627
0.016266
0.019424
0.010364
0.001554
0.016902
0.014995
0.001517
0.001396
0.001257
0.019001
0.001487
0.009784
0.001734
0.001739
0.009666
0.001855
0.013601
0.013741
0.015687
0.001543
0.015115
0.022220
0.001771
0.001640
0.001848
0.009403
0.011356
0.001502
0.033424
0.016250
0.017633
rank:3	length:387	cost:6.78
0.024141
0.014638
0.001766
0.014055
0.014378
0.017238
0.019685
0.001493
0.001751
0.001680
0.001966
0.001335
0.014980
0.019377
0.012840
0.001820
0.010450
0.019380
0.013246
0.001875
0.016560
0.001486
0.001226
0.022527
0.015920
0.002102
0.013080
0.001601
0.001426
0.012826
0.014930
0.009802
0.001619
0.001860
0.001892
0.001921
0.001745
0.001668
0.001286
0.001346
0.018862
0.001658
0.014134
0.020266
0.013412
0.001466
0.012066
0.011296
0.001330
0.013725
0.007881
0.011276
0.021318
0.001574
0.009854
0.018629
0.011859
0.001408
0.001430
0.015061
0.001490
0.018630
0.013719
0.001436
0.016481
0.019673
0.011223
0.012756
0.019946
0.001355
0.001464
0.012161
0.018193
0.017810
0.018544
0.016663
0.014426
0.001655
0.014717
0.015536
0.016481
0.001688
0.016584
0.001362
0.015865
0.021810
0.001793
0.001345
0.017941
0.020734
0.013149
0.014305
0.015330
0.001538
0.016444
0.001613
0.019911
0.015968
0.002406
0.001468
0.015798
0.013573
0.001454
0.001591
0.015801
0.001374
0.001419
0.017566
0.008376
0.019396
0.015184
0.015328
0.001683
0.002170
0.002103
0.013085
0.017839
0.020501
0.001966
0.018372
0.014469
0.021021
0.015381
0.018297
0.015483
0.019418
0.020612
0.001649
0.001470
0.001475
0.001466
0.016669
0.002275
0.027918
0.001416
0.002206
0.001597
0.001747
0.022718
0.018337
0.001565
0.002119
0.024895
0.001679
0.002328
0.012942
0.012308
0.008360
0.002162
0.023224
0.001549
0.011098
0.001618
0.018886
0.016175
0.001341
0.009794
0.010607
0.001797
0.019488
0.001511
0.001912
0.015597
0.015937
0.020156
0.022713
0.001882
0.016154
0.013730
0.001643
0.001362
0.001833
0.016729
0.001516
0.017957
0.002071
0.007648
0.001408
0.012672
0.010806
0.001576
0.015998
0.001977
0.016883
0.019519
0.017371
0.017725
0.010351
0.019840
0.013653
0.001685
0.001534
0.006549
0.018685
0.014782
0.013169
0.018122
0.002257
0.013148
0.001514
0.001569
0.014965
0.001736
0.016170
0.021594
0.001684
0.018058
0.002000
0.022519
0.001785
0.001830
0.014553
0.015045
0.018721
0.001518
0.017577
0.011653
0.001734
0.021004
0.042831
0.001530
0.002518
0.016327
0.012926
0.015364
0.001508
0.014393
0.032120
0.013921
0.002115
0.020886
0.001595
0.012805
0.012413
0.014513
0.013403
0.015654
0.007951
0.001488
0.006279
0.001962
rank:24	length:241	cost:3.45
0.006938
0.003826
0.012010
0.017919
0.015521
0.001545
0.001617
0.015348
0.012086
0.001540
0.011996
0.011422
0.018860
0.016157
0.009287
0.001482
0.013990
0.001660
0.002189
0.014702
0.014562
0.001523
0.009029
0.010853
0.001605
0.001589
0.020153
0.013627
0.030186
0.010811
0.014744
0.001663
0.015037
0.019471
0.015432
0.001519
0.001531
0.001348
0.011303
0.011166
0.014300
0.013899
0.001498
0.016433
0.017931
0.001516
0.010998
0.010481
0.014971
0.001896
0.013921
0.013807
0.012865
0.013601
0.001388
0.011710
0.001763
0.005219
0.001552
0.018676
0.018422
0.012928
0.002028
0.015937
0.002149
0.016480
0.001505
0.018550
0.001527
0.001694
0.015711
0.028262
0.001423
0.001617
0.011056
0.001358
0.001562
0.001487
0.001373
0.009213
0.017008
0.001468
0.017072
0.001436
0.001448
0.001502
0.013719
0.001418
0.007469
0.032420
0.014640
0.001667
0.018281
0.003095
0.012593
0.021547
0.001520
0.013426
0.011451
0.017595
0.011247
0.001757
0.001607
0.019019
0.015389
0.001769
0.001396
0.001516
0.012795
0.001898
0.013888
0.001378
0.001598
0.012578
0.016518
0.001818
0.014496
0.001824
0.018087
0.009957
0.009301
0.019722
0.021049
0.013364
0.008241
0.016619
0.019903
0.011084
0.034683
0.018811
0.015599
0.001474
0.001460
0.001387
0.020025
0.002066
0.001417
0.013473
0.001599
0.001842
0.016927
0.001700
0.012475
0.009645
0.009000
0.015140
0.018729
0.015095
0.001757
0.017246
0.001825
0.011724
0.001407
0.011845
0.015586
0.013464
0.011245
0.001641
0.001479
0.001439
0.001381
0.019464
0.001352
0.012274
0.001369
0.020499
0.011090
0.019468
0.001747
0.014920
0.001461
0.001820
0.001611
0.001586
0.001458
0.001756
0.021717
0.013498
0.002092
0.056120
0.092243
0.032303
0.001729
0.022050
0.012704
0.003070
0.001560
0.026889
0.025396
0.021113
0.032176
0.033991
0.001628
0.001438
0.001577
0.014121
0.001570
0.012857
0.010782
0.001483
0.017479
0.013790
0.001439
0.015550
0.020343
0.001452
0.001586
0.010663
0.014967
0.009878
0.001493
0.015993
0.001792
0.001363
0.032668
0.001832
0.001671
0.041069
0.001573
0.001434
0.001358
0.013247
0.017749
0.001505
0.017448
0.019992
0.014092
0.014350
0.019252
0.022944
0.025036
0.019020
0.001644
0.001462
0.021808
0.001863
0.001810
0.014983
0.001925
0.015741
0.013085
0.001704
0.001814
0.029864
0.011044
0.001388
0.016304
0.008189
0.001655
0.011277
0.013977
0.087017
0.022851
0.002194
0.021936
0.028471
0.012911
0.001853
0.001468
0.001503
0.001594
0.022263
0.001388
0.023584
0.022495
0.001354
0.012848
0.011882
0.015813
0.016661
0.001546
rank:9	length:271	cost:5.38
0.023572
0.014084
0.001679
0.019949
0.001431
0.016034
0.015895
0.001484
0.013114
0.001478
0.002301
0.018462
0.012134
0.001639
0.014495
0.001684
0.001397
0.001278
0.005171
0.012045
0.021539
0.001441
0.010199
0.015992
0.017842
0.001785
0.014279
0.001568
0.022917
0.001298
0.001766
0.001373
0.015156
0.016837
0.011602
0.020093
0.001879
0.020594
0.018010
0.019147
0.018221
0.001626
0.001596
0.001423
0.031588
0.001658
0.017359
0.018391
0.014673
0.030126
0.016121
0.001584
0.014300
0.001480
0.001306
0.001367
0.019083
0.001810
0.011734
0.001519
0.014102
0.022254
0.001608
0.028486
0.001945
0.001370
0.011728
0.017186
0.019368
0.020344
0.001581
0.001952
0.001592
0.043757
0.016582
0.001400
0.001397
0.020070
0.002630
0.001912
0.013530
0.015808
0.001498
0.001683
0.013222
0.001309
0.013808
0.015985
0.002337
0.001984
0.008462
0.014631
0.012881
0.017121
0.001669
0.015638
0.031658
0.009902
0.014479
0.012342
0.001807
0.018013
0.001693
0.014059
0.012257
0.002308
0.001557
0.026480
0.001645
0.001631
0.001547
0.013445
0.011796
0.014354
0.001905
0.001518
0.001611
0.016633
0.001547
0.017327
0.016757
0.012252
0.016863
0.001527
0.001525
0.012543
0.001444
0.017648
0.021548
0.015983
0.001607
0.009681
0.008523
0.011311
0.011894
0.013018
0.018369
0.016913
0.001857
0.017001
0.023068
0.018501
0.012834
0.014017
0.019683
0.007461
0.016085
0.012242
0.002114
0.003155
0.018769
0.018092
0.009019
0.001651
0.022237
0.012879
0.021344
0.001658
0.013324
0.001466
0.023270
0.018815
0.012509
0.015401
0.001660
0.002270
0.041736
0.006267
0.001468
0.009722
0.001697
0.022491
0.011667
0.015584
0.016726
0.002103
0.017086
0.015098
0.001573
0.001523
0.010078
0.001536
0.001725
0.019201
0.010993
0.007953
0.001527
0.014844
0.019349
0.019453
0.001735
0.014968
0.012770
0.011976
0.001359
0.001492
0.035677
0.001558
0.013046
0.011426
0.026518
0.001424
0.016833
0.001573
0.021202
0.017659
0.012183
0.001873
0.001356
0.001679
0.015766
0.016217
0.011808
0.015055
0.020238
0.018094
0.002073
0.002269
0.002269
0.001509
0.001638
0.001513
0.001957
0.001673
0.018811
0.016618
0.014643
0.027128
0.001533
0.008801
0.001666
0.016509
0.001766
0.001865
0.001517
0.018155
0.017638
0.001720
0.001895
0.001686
0.012326
0.001544
0.017743
0.016764
0.001491
0.011327
0.009058
0.010432
0.016850
0.001798
0.018991
0.016984
0.016580
0.001436
0.012641
0.017219
0.001537
0.001665
0.001917
0.013070
0.014256
0.001393
0.013470
0.012813
0.011274
0.001419
0.005544
0.001491
0.001549
0.019342
0.001534
0.018658
0.014055
0.017859
0.014694
0.001701
0.018042
0.015975
0.014382
0.001611
0.001399
0.001497
0.006070
0.017527
0.014131
0.018533
0.001567
0.015914
0.026349
0.002152
0.006373
0.016464
0.010623
0.018519
0.013970
0.016313
0.001868
0.001674
0.011491
0.013509
0.001680
0.001805
0.013671
0.013173
0.013369
0.012564
0.001490
0.001581
0.001570
0.011228
0.009215
0.012489
0.001780
0.001492
0.001439
0.019950
0.016127
0.001688
0.016105
0.001588
0.001507
0.001440
0.014070
0.013657
0.001376
0.001422
0.021837
0.001331
0.001264
0.015712
0.013603
0.011300
0.011356
0.001636
0.014393
0.007380
0.015226
0.001526
0.012608
0.001745
0.001571
0.001808
0.001500
0.001682
0.015846
0.001611
0.001922
0.005774
0.001792
0.014214
0.001939
0.015243
0.022367
0.023726
0.009529
0.022806
0.001565
0.001441
0.019464
0.001593
0.011529
0.014327
0.019597
0.001638
0.021557
0.020755
0.016184
rank:5	length:367	cost:5.37
0.020472
0.002247
0.002158
0.014278
0.021098
0.002004
0.020430
0.001464
0.019399
0.002826
0.018732
0.013337
0.001867
0.017137
0.014006
0.001468
0.017324
0.001445
0.001681
0.001766
0.011242
0.010552
0.001694
0.003233
0.015055
0.022746
0.030632
0.014665
0.017209
0.001411
0.020368
0.017692
0.001885
0.015375
0.015814
0.001596
0.018732
0.013964
0.014448
0.001530
0.021338
0.001343
0.001538
0.026085
0.001489
0.001616
0.019386
0.001512
0.016148
0.034201
0.013976
0.013567
0.015823
0.029670
0.016526
0.001413
0.015578
0.001258
0.001552
0.013367
0.017662
0.042438
0.001704
0.011647
0.013082
0.013387
0.019391
0.013728
0.017080
0.012640
0.014377
0.001748
0.001429
0.001908
0.001665
0.012796
0.029855
0.015826
0.012255
0.001412
0.014276
0.001505
0.010782
0.013885
0.010665
0.001631
0.011832
0.001795
0.001573
0.014397
0.024046
0.015042
0.001764
0.017994
0.015139
0.001505
0.020615
0.001362
0.011493
0.001462
0.001551
0.016357
0.015853
0.016471
0.010171
0.001430
0.016306
0.017033
0.013927
0.001416
0.020650
0.017026
0.001820
0.017892
0.019848
0.001456
0.001522
0.001447
0.014590
0.001733
0.016298
0.019767
0.001610
0.021500
0.009873
0.001877
0.014220
0.002081
0.002152
0.014025
0.001560
0.016799
0.001537
0.001552
0.015972
0.009120
0.017848
0.001653
0.012280
0.018852
0.010660
0.037106
0.020819
0.006767
0.001451
0.001636
0.035904
0.017837
0.016574
0.049073
0.001821
0.037713
0.035059
0.001646
0.001415
0.011152
0.001344
0.010756
0.016605
0.001631
0.015846
0.012697
0.001716
0.001476
0.001737
0.022579
0.016058
0.001830
0.002239
0.016631
0.014670
0.015098
0.020737
0.002084
0.001424
0.013983
0.014784
0.037495
0.022965
0.008710
0.022961
0.002023
0.007473
0.001528
0.001618
0.009709
0.012925
0.013357
0.012531
0.013549
0.017298
0.014889
0.001983
0.001391
0.001979
0.013787
0.009543
0.036073
0.008081
0.001645
0.001703
0.010250
0.007085
0.001564
0.001549
0.018771
0.001743
0.011710
0.022725
0.002432
0.013209
0.023409
0.001602
0.011130
0.002238
0.001432
0.017251
0.015582
0.001632
0.022496
0.001868
0.019979
0.001647
0.014471
0.015608
0.019387
0.001421
0.015159
0.019934
0.021273
0.001397
0.013116
0.001680
0.011477
0.009606
0.001996
0.002186
0.001635
0.016179
0.014625
0.002181
0.015469
0.016039
0.012382
0.001545
0.016984
0.001462
0.011537
0.019075
0.001347
0.008455
0.018036
0.009073
0.001562
0.001932
0.001475
0.011203
0.012548
0.001660
0.014573
0.013736
0.016237
0.001428
0.001413
0.017714
0.001526
0.001484
0.001772
0.013958
0.001437
0.014657
0.001661
0.012752
0.012950
0.001985
0.014500
0.026645
0.017640
0.018667
0.001774
0.001381
0.024177
0.002167
0.001435
0.013858
0.005020
0.020419
0.037367
0.012210
0.017077
0.015846
0.005066
0.001658
0.001540
0.005557
0.001924
0.001763
0.013204
0.028810
0.001479
0.001444
0.005558
0.001528
0.001443
rank:20	length:304	cost:4.77
0.020592
0.001949
0.002051
0.007966
0.018517
0.019426
0.002219
0.001794
0.001369
0.003479
0.002095
0.014266
0.017329
0.017334
0.014903
0.012390
0.019757
0.001586
0.014434
0.012257
0.029015
0.008989
0.001782
0.014613
0.021095
0.001365
0.016713
0.002665
0.001573
0.012854
0.001742
0.027809
0.015722
0.001865
0.013015
0.001604
0.001791
0.011431
0.012309
0.012381
0.013573
0.002541
0.001386
0.013384
0.001726
0.015489
0.024125
0.001618
0.016020
0.018893
0.001311
0.022575
0.035645
0.017862
0.015059
0.014968
0.001432
0.002142
0.002002
0.020158
0.026805
0.001548
0.001469
0.033252
0.016934
0.002996
0.019308
0.010596
0.013078
0.001572
0.019375
0.020832
0.002498
0.013428
0.016684
0.001735
0.014794
0.039427
0.016058
0.021951
0.019180
0.001385
0.001668
0.001654
0.001640
0.002845
0.001889
0.017373
0.017644
0.001754
0.019034
0.002130
0.001688
0.022214
0.011772
0.018239
0.001612
0.012252
0.008121
0.002246
0.021091
0.001740
0.029590
0.015873
0.002284
0.016835
0.001468
0.001545
0.019403
0.005536
0.001762
0.002033
0.016834
0.002564
0.024084
0.001514
0.001516
0.001471
0.006123
0.018335
0.001685
0.012932
0.046303
0.012031
0.010964
0.020518
0.018760
0.001648
0.023599
0.001836
0.001471
0.002001
0.012452
0.019607
0.012954
0.001599
0.007302
0.020675
0.001562
0.001460
0.001557
0.023060
0.008568
0.001513
0.001580
0.001796
0.001607
0.012892
0.010956
0.016435
0.001395
0.001504
0.012654
0.012702
0.001671
0.008557
0.031101
0.001516
0.006792
0.013746
0.002547
0.015450
0.001510
0.013331
0.020070
0.018173
0.016019
0.015726
0.020410
0.001641
0.001786
0.001594
0.001651
0.009907
0.001566
0.016072
0.001677
0.001695
0.015282
0.001669
0.020668
0.007501
0.017201
0.016006
0.001565
0.001756
0.026534
0.001587
0.001536
0.002756
0.001582
0.022183
0.018864
0.009418
0.002058
0.013089
0.011177
0.010081
0.001808
0.017876
0.017203
0.002042
0.009096
0.001439
0.012184
0.014940
0.001654
0.001433
0.020145
0.010552
0.001440
0.014541
0.016992
0.020379
0.001931
0.013405
0.022786
0.034765
0.010586
0.039093
0.033046
0.018429
0.015855
0.012509
0.001562
0.009331
0.002410
0.083370
0.012889
0.015344
0.002237
0.017562
0.001502
0.001603
0.001653
0.011047
0.012725
0.001546
0.017301
0.001605
0.013489
0.001572
0.010903
0.001473
0.012907
0.096246
0.046086
0.001759
0.010721
0.001641
0.012236
0.044756
0.014577
0.001498
0.001635
0.001496
0.011433
0.014388
0.015611
0.008464
0.002157
0.001738
0.017105
0.001434
0.009489
0.021915
0.001431
0.014246
0.010171
0.001700
0.017000
0.010885
0.001721
0.001360
0.001646
0.016086
0.014667
0.022507
0.002480
0.016587
0.014174
0.007582
0.001635
0.016169
0.017035
0.011970
0.015560
0.018021
0.017698
0.015051
0.021775
0.010721
rank:12	length:292	cost:5.71
0.019961
0.001703
0.026743
0.001697
0.018283
0.001830
0.013634
0.001485
0.001549
0.024659
0.014340
0.001546
0.017501
0.001493
0.015448
0.002106
0.001315
0.015710
0.001653
0.017470
0.016003
0.014845
0.014680
0.010915
0.023845
0.017232
0.001518
0.016567
0.018992
0.001637
0.020791
0.001605
0.011256
0.011679
0.008833
0.001501
0.021412
0.001530
0.001731
0.013198
0.015161
0.014107
0.018915
0.001479
0.001614
0.014537
0.011715
0.012355
0.001899
0.001749
0.030083
0.001668
0.001434
0.012459
0.033508
0.012018
0.002246
0.012096
0.014370
0.016650
0.001624
0.014524
0.012250
0.017448
0.020197
0.001647
0.017203
0.001882
0.001375
0.014959
0.012358
0.017390
0.001875
0.013131
0.016589
0.011888
0.012989
0.019988
0.002075
0.016739
0.019130
0.001801
0.008379
0.014936
0.001593
0.012016
0.016117
0.016467
0.015648
0.002656
0.001708
0.001730
0.001866
0.017103
0.013325
0.001640
0.013667
0.020226
0.020183
0.009043
0.002167
0.013833
0.017297
0.001324
0.019847
0.001752
0.001474
0.001479
0.015783
0.012467
0.011171
0.001493
0.001605
0.013387
0.002241
0.019938
0.009357
0.007464
0.012122
0.021737
0.016592
0.001444
0.015221
0.028394
0.010944
0.001507
0.002799
0.021765
0.001728
0.010063
0.002427
0.001664
0.013613
0.014112
0.013087
0.005199
0.001732
0.001836
0.013526
0.001629
0.001853
0.001718
0.011348
0.014159
0.015919
0.012316
0.017134
0.032109
0.018755
0.019427
0.019929
0.001924
0.009546
0.012865
0.001638
0.001638
0.001523
0.001540
0.015259
0.001808
0.017090
0.020925
0.013180
0.016825
0.019875
0.015867
0.014991
0.019824
0.035603
0.001509
0.001535
0.001402
0.001623
0.019870
0.001643
0.001699
0.002143
0.001515
0.001503
0.017942
0.018330
0.012080
0.015999
0.018156
0.013009
0.001851
0.015131
0.018747
0.001541
0.013159
0.001803
0.005382
0.014339
0.012739
0.001979
0.015819
0.001903
0.015806
0.013452
0.013558
0.017383
0.013953
0.001732
0.015407
0.001707
0.009665
0.001515
0.029707
0.001593
0.001539
0.001800
0.001682
0.010573
0.017812
0.019380
0.028898
0.001628
0.001633
0.018894
0.011156
0.008644
0.001676
0.014059
0.002016
0.005206
0.023558
0.028719
0.002108
0.023796
0.001560
0.010272
0.001377
0.008966
0.012808
0.011240
0.001523
0.002056
0.006027
0.016655
0.001693
0.037170
0.001733
0.014078
0.011582
0.002173
0.001473
0.012714
0.002240
0.014743
0.002460
0.001622
0.001791
0.011338
0.011704
0.013761
0.011577
0.016703
0.010672
0.016100
0.010833
0.001597
0.013363
0.008070
0.018782
0.013972
0.020329
0.016215
0.001404
0.001507
0.017111
0.001508
0.001525
0.018103
0.001440
0.009183
0.001643
0.010595
0.013866
0.007926
0.001960
0.039586
0.015627
0.001841
0.001605
0.001396
0.001582
0.001400
0.001461
0.018533
0.015106
0.051953
0.009873
0.018873
0.025674
0.010631
0.001511
0.020711
0.001573
0.012022
0.019400
0.001510
0.023420
0.010622
0.001650
0.006399
0.001746
0.010131
0.025088
0.001378
0.015764
0.011935
0.001507
0.001591
0.007445
0.001514
rank:18	length:315	cost:5.54
0.003611
0.005547
0.020594
0.001957
0.017522
0.022698
0.015325
0.013263
0.002166
0.001768
0.001806
0.001357
0.012822
0.042017
0.001584
0.019190
0.001621
0.014313
0.020220
0.011005
0.014699
0.012536
0.001392
0.001641
0.015729
0.001397
0.001526
0.001542
0.001439
0.011108
0.010646
0.018695
0.002667
0.001973
0.001665
0.018322
0.014262
0.001467
0.002168
0.002025
0.012610
0.014656
0.035120
0.017761
0.031497
0.001652
0.001528
0.017210
0.001383
0.019151
0.012737
0.001773
0.001379
0.019565
0.003083
0.001850
0.017961
0.013553
0.009727
0.018733
0.021116
0.001930
0.019949
0.015670
0.001622
0.013644
0.001891
0.013388
0.002144
0.012120
0.001631
0.015284
0.013643
0.001701
0.001651
0.012044
0.001536
0.019846
0.022425
0.001421
0.027235
0.017387
0.034892
0.019631
0.001684
0.001505
0.013724
0.031882
0.011833
0.001572
0.001330
0.014648
0.015860
0.022786
0.011417
0.015164
0.001601
0.001445
0.011354
0.020578
0.013546
0.011848
0.001607
0.012396
0.010042
0.012928
0.020157
0.010859
0.001505
0.020947
0.002826
0.001804
0.019175
0.017421
0.001508
0.017858
0.012811
0.001948
0.001599
0.011584
0.001508
0.001617
0.001700
0.013441
0.017112
0.001684
0.013767
0.002326
0.001911
0.016191
0.001709
0.012180
0.012344
0.020604
0.024410
0.001675
0.020183
0.017195
0.019079
0.011705
0.001820
0.001442
0.001703
0.015645
0.001423
0.013875
0.012154
0.001867
0.001585
0.015342
0.020486
0.001889
0.001427
0.013824
0.001684
0.013070
0.001585
0.015362
0.006745
0.001541
0.017007
0.001538
0.020022
0.001450
0.032037
0.009603
0.016536
0.017607
0.008882
0.011029
0.002027
0.001714
0.015480
0.001542
0.017153
0.012032
0.001915
0.002050
0.021661
0.001726
0.001523
0.013568
0.017839
0.001619
0.016520
0.001856
0.001559
0.013841
0.002459
0.014825
0.001706
0.011561
0.011411
0.001411
0.017121
0.015582
0.015667
0.018663
0.001671
0.001469
0.013183
0.002211
0.001432
0.002225
0.001481
0.010056
0.001643
0.001382
0.008696
0.002007
0.014927
0.016300
0.012095
0.001454
0.022942
0.001698
0.011376
0.013598
0.017056
0.020247
0.010498
0.020932
0.014913
0.019432
0.014750
0.015730
0.033312
0.001422
0.001428
0.001955
0.009173
0.001693
0.001399
0.001649
0.020119
0.014764
0.001360
0.013571
0.010828
0.001459
0.001490
0.001614
0.014702
0.026762
0.018385
0.017648
0.016775
0.009468
0.013236
0.020578
0.010452
rank:17	length:251	cost:5.15
0.020209
0.013719
0.015192
0.013376
0.014075
0.017298
0.002183
0.017599
0.001751
0.019263
0.018953
0.010995
0.001706
0.022599
0.002066
0.018342
0.022582
0.010084
0.020412
0.001562
0.002160
0.001830
0.001969
0.001422
0.014045
0.014331
0.019508
0.002848
0.019174
0.001650
0.001611
0.017054
0.001815
0.001901
0.014455
0.006339
0.019987
0.007950
0.017687
0.022889
0.017425
0.002484
0.002567
0.017978
0.006246
0.001774
0.022965
0.017426
0.001861
0.014248
0.014357
0.021457
0.001839
0.018598
0.015673
0.012190
0.011778
0.001923
0.020316
0.010047
0.014301
0.018159
0.001870
0.019488
0.001518
0.017627
0.017552
0.014276
0.011695
0.009151
0.008509
0.009870
0.001598
0.001851
0.007977
0.002279
0.001463
0.010640
0.012147
0.002220
0.021194
0.010340
0.001937
0.001725
0.002136
0.003119
0.001560
0.013092
0.016679
0.017355
0.001897
0.016543
0.001976
0.016199
0.010966
0.014026
0.001855
0.010949
0.016633
0.001862
0.014905
0.010524
0.025296
0.001699
0.017784
0.016192
0.001659
0.012635
0.001473
0.001625
0.001820
0.023260
0.002909
0.014177
0.001588
0.001690
0.013862
0.001725
0.016980
0.015284
0.021737
0.007531
0.001886
0.028811
0.016367
0.002250
0.033554
0.017591
0.001961
0.017074
0.002668
0.014841
0.022158
0.014108
0.016794
0.001767
0.001712
0.016771
0.012513
0.001674
0.006532
0.001550
0.001968
0.017922
0.014886
0.011289
0.001375
0.017050
0.013786
0.011608
0.014054
0.009876
0.010056
0.022758
0.001828
0.017246
0.011410
0.001705
0.013660
0.002010
0.018813
0.001461
0.011522
0.001513
0.016609
0.018937
0.029199
0.014917
0.017385
0.013362
0.012572
0.001960
0.009439
0.002305
0.001663
0.001529
0.017846
0.025241
0.001669
0.001804
0.017053
0.013358
0.012497
0.001520
0.013985
0.008505
0.014894
0.002029
0.012480
0.001761
0.001618
0.001717
0.015002
0.019797
0.001892
0.001745
0.002275
0.001645
0.001859
0.008757
0.018771
0.013944
0.014525
0.001801
0.001467
0.016024
0.001887
0.006479
0.020407
0.002147
0.016653
0.018610
0.013376
0.002112
0.015858
0.017979
0.001779
0.001712
0.019010
0.016356
0.001559
0.001649
0.001574
0.015175
0.001906
0.025780
0.001772
0.022651
0.021112
0.036348
0.017881
0.018338
0.017673
0.010509
0.012570
0.002177
0.001667
0.018836
0.001436
0.001501
0.017075
0.014422
0.008822
0.017135
0.011777
0.001724
0.001417
0.008777
0.019506
0.001591
0.017120
0.001632
0.009470
0.002104
0.021990
0.001778
0.001583
0.045168
0.001800
0.024490
0.026378
0.001647
0.017556
0.014650
0.001595
0.001697
0.012998
0.002233
0.011887
0.014077
0.015106
0.001921
0.001620
0.009994
0.010164
0.015061
0.014101
0.018534
0.013030
0.002027
0.001777
0.001660
0.019149
0.002033
0.001745
0.010640
0.001710
0.010188
0.001693
0.020653
0.013582
0.001730
0.001623
0.024806
0.014123
0.008829
0.024711
0.009918
0.016862
0.010808
0.021594
0.001692
0.002088
0.017489
0.001614
0.029766
0.013490
0.017294
0.014596
0.001605
0.011642
0.016939
0.001742
0.001866
0.001517
0.013237
0.024878
0.014036
0.001829
0.001721
0.023328
0.001805
0.033441
0.001576
0.015627
0.015934
0.001867
0.017764
0.016689
0.001513
0.001569
0.001570
0.010879
0.002070
0.011803
0.013380
0.017090
0.014585
0.017257
0.001686
0.001495
0.009303
0.017597
0.001534
0.020455
0.001507
0.011066
0.011330
0.017538
0.019739
0.012419
0.023125
0.011775
0.001871
0.018953
0.001583
0.010919
0.015411
0.013403
0.010951
0.021496
0.014644
0.001755
0.001947
0.026978
0.012726
0.001583
0.009220
0.001639
0.013315
0.002210
0.010335
0.013075
0.001588
0.001916
0.015698
0.016114
0.013605
0.017189
0.001660
0.018552
0.001604
0.001607
0.021413
0.025694
0.001902
0.001410
0.001667
0.015396
rank:16	length:389	cost:6.21
0.023288
0.002020
0.017292
0.002000
0.002340
0.002798
0.036382
0.019881
0.011870
0.018307
0.019893
0.018117
0.001445
0.011841
0.019882
0.008106
0.001549
0.019886
0.001693
0.003264
0.002234
0.001353
0.001876
0.001870
0.014083
0.013594
0.018598
0.001628
0.001470
0.017019
0.014302
0.017101
0.014169
0.018829
0.001483
0.015522
0.012504
0.015634
0.002077
0.012683
0.035879
0.020387
0.015981
0.002019
0.033113
0.021753
0.001447
0.020629
0.020441
0.026350
0.010212
0.029685
0.019483
0.001793
0.001371
0.001811
0.018269
0.033456
0.001518
0.001508
0.015054
0.017364
0.020082
0.014311
0.019214
0.008542
0.001630
0.016026
0.009516
0.001607
0.001525
0.018007
0.039674
0.001675
0.015017
0.017452
0.021253
0.026151
0.017288
0.015161
0.013919
0.001633
0.001841
0.001492
0.014352
0.001528
0.001628
0.001695
0.012937
0.001565
0.009670
0.012491
0.011708
0.001761
0.001304
0.017154
0.012829
0.012418
0.013435
0.024103
0.001611
0.001762
0.001349
0.015043
0.015885
0.002194
0.019460
0.001851
0.013205
0.001396
0.001554
0.012628
0.021553
0.017248
0.014607
0.001330
0.011106
0.009318
0.001633
0.016095
0.017357
0.001526
0.001655
0.017503
0.018360
0.014432
0.001564
0.001534
0.016505
0.007422
0.001402
0.001511
0.001469
0.014590
0.001781
0.027849
0.020006
0.012265
0.017624
0.013926
0.015780
0.010978
0.001499
0.022907
0.009889
0.002107
0.001464
0.001713
0.018798
0.007523
0.019078
0.001498
0.011979
0.025159
0.028402
0.012184
0.009657
0.001908
0.001767
0.001491
0.010856
0.011952
0.011653
0.009632
0.016035
0.016812
0.022056
0.013383
0.001487
0.001553
0.001562
0.012759
0.001415
0.001614
0.001464
0.001480
0.016177
0.006900
0.001429
0.016718
0.016295
0.001439
0.001487
0.011673
0.001926
0.012432
0.012863
0.001463
0.014082
0.001653
0.001562
0.030812
0.001466
0.001585
0.011863
0.012645
0.011882
0.001768
0.001587
0.018353
0.001817
0.012088
0.010166
0.001416
0.014491
0.001574
0.001328
0.001507
0.010089
0.010777
0.001387
0.014358
0.002172
0.001278
0.002521
0.001761
0.007465
0.006931
0.011294
0.009833
0.020781
0.006970
0.009412
0.017309
0.001355
0.002179
0.001585
0.018622
0.001560
0.001910
0.001722
0.009456
0.015838
0.037128
0.017880
0.009989
0.001580
0.001715
0.001701
0.012848
0.009744
0.001443
0.001492
0.012448
0.024790
0.001411
0.027025
0.001381
0.015096
0.001444
0.018654
0.012569
0.009624
0.001474
0.009861
0.007231
0.016443
0.001381
0.009869
0.001480
0.016500
0.011850
0.017608
0.013316
0.018198
0.012115
0.015303
0.012655
0.001396
0.001386
0.001688
0.001352
0.031886
0.001521
0.048357
0.017810
0.001614
0.002111
0.001877
0.001411
0.010225
0.001747
0.001427
0.015242
0.001566
0.010831
0.016011
0.012707
0.019746
0.001532
0.011146
0.013203
0.001397
0.014361
0.015606
0.021499
0.001466
0.001469
0.017437
0.014404
0.013165
0.001373
0.009626
0.001397
0.013882
0.016972
0.001528
0.008761
0.047740
0.017329
0.001301
0.001377
0.001542
0.017474
0.006788
0.012426
0.001491
0.001385
0.009249
0.009452
0.015035
0.019005
0.001495
0.001375
0.001383
0.016340
0.011709
0.001488
0.012671
0.014703
0.010749
rank:8	length:331	cost:6.05
0.026620
0.016670
0.001728
0.024042
0.012308
0.002439
0.001971
0.031593
0.003147
0.018601
0.020335
0.001825
0.010283
0.015166
0.006704
0.001929
0.008958
0.001563
0.001914
0.001659
0.018766
0.001470
0.001374
0.015142
0.001436
0.018519
0.017667
0.001577
0.001634
0.002175
0.011216
0.012154
0.001711
0.017957
0.002446
0.018231
0.012907
0.020623
0.014663
0.002593
0.001541
0.001701
0.016658
0.019897
0.017920
0.015602
0.009185
0.014766
0.018777
0.001754
0.001994
0.001800
0.013008
0.001361
0.013826
0.011471
0.017845
0.011751
0.018837
0.015194
0.020810
0.002027
0.017236
0.001527
0.013971
0.001810
0.020019
0.001845
0.037191
0.001794
0.001412
0.018987
0.001910
0.014958
0.009853
0.001477
0.001530
0.009695
0.015384
0.014344
0.015489
0.001838
0.011687
0.014455
0.020059
0.013353
0.001750
0.001430
0.016436
0.016374
0.015812
0.015700
0.011891
0.001807
0.002344
0.001515
0.001453
0.001534
0.001541
0.002106
0.001554
0.001942
0.017904
0.011734
0.001371
0.017465
0.014831
0.012568
0.016042
0.001774
0.019092
0.001594
0.002136
0.001515
0.010804
0.001511
0.012717
0.014065
0.012005
0.017025
0.002521
0.017575
0.001633
0.001413
0.009459
0.015052
0.014894
0.001819
0.001751
0.022284
0.036091
0.012524
0.018997
0.017216
0.017390
0.015409
0.001549
0.016916
0.001474
0.001672
0.011963
0.001606
0.032093
0.018260
0.012723
0.013636
0.001723
0.014862
0.010299
0.019022
0.012050
0.019492
0.019835
0.001929
0.001843
0.001453
0.015835
0.001852
0.020237
0.001625
0.014165
0.011955
0.008282
0.001766
0.012750
0.014219
0.014941
0.012008
0.016716
0.001869
0.001848
0.010655
0.015383
0.001421
0.013174
0.029016
0.001791
0.014109
0.002521
0.001757
0.002134
0.018233
0.001632
0.011242
0.001674
0.016961
0.013105
0.012602
0.013710
0.016737
0.001736
0.001515
0.013323
0.001474
0.001627
0.015331
0.001665
0.018153
0.018354
0.013806
0.013993
0.002004
0.017755
0.012605
0.001698
0.014637
0.001709
0.008731
0.007645
0.015868
0.020473
0.019126
0.001528
0.001673
0.013380
0.002418
0.018659
0.001637
0.019975
0.001562
0.009805
0.012762
0.001895
0.015795
0.012782
0.001667
0.001488
0.001761
0.007142
0.013837
0.001516
0.001717
0.025501
0.012723
0.017593
0.019191
0.014836
0.018644
0.001441
0.015880
0.016926
0.013903
0.018957
0.001519
0.013736
0.001468
0.001420
0.001310
0.012056
0.001580
0.010628
0.014688
0.009724
0.001539
0.015545
0.020330
0.001530
0.011849
0.017799
0.001538
0.013201
0.001652
0.001595
0.016012
0.001399
0.001467
0.001859
0.001686
0.017503
0.017064
0.008560
0.026063
0.001514
0.001552
0.014849
0.001609
0.001823
0.039797
0.001929
0.014363
0.015297
0.001628
0.006365
0.014740
0.011967
0.001585
0.001403
0.010449
0.009810
0.001457
0.010688
0.012390
0.009964
0.037182
0.009628
0.025163
0.001590
0.010649
0.017992
0.001632
0.019680
0.001457
0.016722
0.001637
0.009499
0.013542
0.013410
0.015029
0.001383
rank:2	length:309	cost:6.10
0.022663
0.016745
0.002320
0.030469
0.003017
0.001694
0.011280
0.020709
0.019011
0.001494
0.024991
0.029594
0.014236
0.015682
0.001340
0.024832
0.012385
0.001819
0.001388
0.001854
0.001514
0.001587
0.001561
0.001358
0.016445
0.014394
0.014934
0.002124
0.001620
0.019762
0.001452
0.001811
0.021929
0.001548
0.021255
0.001722
0.001710
0.001596
0.014424
0.002366
0.022009
0.002400
0.013441
0.011076
0.001452
0.001751
0.002144
0.002261
0.001674
0.013939
0.001726
0.003599
0.001551
0.013190
0.008292
0.013572
0.014578
0.013160
0.002435
0.023847
0.013030
0.011148
0.001915
0.015454
0.001531
0.015668
0.017673
0.001498
0.015543
0.001477
0.001986
0.002063
0.001482
0.001606
0.019697
0.001484
0.015218
0.011852
0.016884
0.018478
0.001516
0.017865
0.020220
0.001773
0.014788
0.012937
0.001740
0.009045
0.015920
0.019642
0.001449
0.021483
0.001550
0.013145
0.020219
0.013737
0.001531
0.001488
0.015998
0.002198
0.017503
0.001610
0.001710
0.001551
0.001608
0.013278
0.015016
0.014052
0.019297
0.015160
0.005411
0.015521
0.001472
0.014514
0.013658
0.021826
0.014575
0.022939
0.001373
0.018909
0.001577
0.017250
0.002395
0.026406
0.018743
0.022195
0.007469
0.019240
0.020631
0.001514
0.021144
0.014855
0.001841
0.021554
0.001543
0.002147
0.001572
0.013394
0.001573
0.012782
0.001754
0.023682
0.011755
0.019615
0.018744
0.013227
0.027265
0.001527
0.017065
0.001693
0.001544
0.010761
0.015409
0.011037
0.007213
0.020683
0.009321
0.001470
0.016328
0.016149
0.020271
0.010432
0.001376
0.015151
0.014450
0.013681
0.002289
0.016830
0.001458
0.021547
0.001525
0.020059
0.015109
0.025733
0.013791
0.020744
0.025492
0.001552
0.021737
0.001635
0.001726
0.010170
0.001799
0.001460
0.012791
0.019141
0.010266
0.014886
0.001571
0.002585
0.001549
0.015085
0.001494
0.016158
0.001461
0.011316
0.001452
0.001800
0.012669
0.012701
0.001545
0.001929
0.019566
0.007493
0.022905
0.001939
0.011973
0.012886
0.001616
0.002100
0.012525
0.018045
0.001630
0.001383
0.016101
0.001401
0.009337
0.001650
0.010892
0.014152
0.013429
0.001781
0.013527
0.016129
0.021703
0.001639
0.017184
0.001580
0.010428
0.001535
0.012787
0.001778
0.016742
0.013441
0.001677
0.012855
0.001496
0.011253
0.014462
0.009331
0.001736
0.017842
0.002119
0.002110
0.001867
0.018953
0.033368
0.001720
0.001565
0.001541
0.002013
0.015032
0.015366
0.017824
0.012458
0.001334
0.017432
0.016540
0.013587
0.023445
0.017523
0.015301
0.001620
0.018203
0.010398
0.015937
0.001631
0.014464
0.010713
0.018680
0.014324
0.017797
0.001668
0.019992
0.018270
0.001943
0.001647
0.021581
0.019242
0.014460
0.009145
0.001544
0.001496
0.014344
0.018227
0.001375
0.012976
0.015019
0.001589
0.020912
0.001412
0.012452
0.017904
0.019974
0.014149
0.001806
0.001405
0.001509
0.001737
0.001364
0.001412
0.016674
0.001724
0.001393
0.001768
0.001401
0.011274
0.012669
0.014142
0.015795
0.013941
rank:4	length:311	cost:5.87
0.024747
0.002069
0.001634
0.001748
0.001450
0.002415
0.024461
0.017857
0.015294
0.019234
0.021911
0.015935
0.017771
0.017535
0.002373
0.001633
0.019173
0.019843
0.015546
0.001473
0.001432
0.023654
0.027035
0.018922
0.016298
0.001380
0.014767
0.012389
0.016322
0.016717
0.001447
0.009642
0.015235
0.001537
0.001271
0.001659
0.013635
0.014094
0.001357
0.001477
0.018362
0.012836
0.001652
0.014301
0.001432
0.043181
0.001495
0.013872
0.001608
0.001414
0.001675
0.015041
0.001475
0.017499
0.012129
0.016193
0.015069
0.020128
0.037702
0.001878
0.001545
0.034207
0.019003
0.001465
0.012652
0.015983
0.001514
0.017516
0.018152
0.020072
0.022401
0.017404
0.010580
0.003129
0.012386
0.001744
0.018678
0.018473
0.001718
0.001933
0.002533
0.018943
0.001684
0.013670
0.016035
0.015916
0.015767
0.002357
0.021576
0.002469
0.001522
0.001702
0.019125
0.022670
0.020505
0.001810
0.002506
0.017164
0.017386
0.018605
0.019396
0.020546
0.001952
0.001884
0.001514
0.016251
0.018912
0.001614
0.013350
0.018325
0.031278
0.012792
0.015966
0.020116
0.015121
0.014216
0.024894
0.001574
0.001553
0.019793
0.002378
0.017300
0.010387
0.001461
0.019112
0.002244
0.001652
0.002293
0.011915
0.001932
0.012513
0.027338
0.001700
0.001716
0.014452
0.013944
0.015097
0.011446
0.001577
0.017595
0.018161
0.011296
0.015608
0.008502
0.016322
0.012372
0.001730
0.001985
0.014187
0.008975
0.002437
0.019518
0.001713
0.016443
0.014240
0.013853
0.011722
0.002098
0.021695
0.029086
0.001719
0.001704
0.001521
0.009543
0.016277
0.018439
0.001668
0.013320
0.001357
0.013734
0.017032
0.013087
0.001680
0.001557
0.015603
0.002365
0.012187
0.001603
0.002416
0.015851
0.033502
0.001437
0.019050
0.015084
0.001475
0.015368
0.001880
0.020899
0.014452
0.001563
0.014946
0.001569
0.014473
0.017716
0.001714
0.002183
0.001552
0.014110
0.015888
0.001974
0.012525
0.014498
0.027302
0.013049
0.017008
0.009446
0.001584
0.002176
0.021057
0.004682
0.014112
0.001939
0.001917
0.001874
0.014677
0.020818
0.001842
0.020044
0.001816
0.011718
0.001827
0.018828
0.001718
0.016566
0.015679
0.002141
0.013057
0.016798
0.013635
0.013439
0.002043
0.029065
0.012407
0.001549
0.001576
0.001530
0.013048
0.016887
0.001594
0.001599
0.001778
0.001494
0.001945
0.010406
0.001461
0.013873
0.009072
0.009328
0.028490
0.001728
0.001791
0.001451
0.001542
0.015130
0.031863
0.001766
0.001496
0.012276
0.019517
0.017412
0.012047
0.037596
0.015214
0.001754
0.001655
0.014854
0.001733
0.033465
0.021956
0.018814
0.002074
0.017477
0.015265
0.001954
0.018316
0.013045
0.015746
0.001393
0.011407
0.018412
0.025085
0.013794
0.023618
0.023905
0.014945
0.001529
0.012446
0.023318
0.020496
0.012186
0.013823
0.010529
0.018679
0.013522
0.020048
0.001673
0.017939
0.001415
0.018651
0.015044
0.022576
0.023032
0.001661
0.012016
0.013221
0.027378
0.012483
0.008637
0.001700
0.015408
0.001438
0.012103
0.018343
0.001919
0.021377
0.014152
0.001657
0.018990
0.018912
0.001899
0.014331
0.011792
0.018025
0.001844
0.001489
0.008870
0.001571
0.018138
0.016814
0.036822
0.012012
0.001476
0.002042
0.001458
0.011700
0.013047
0.001433
0.001480
0.001482
0.010177
0.020208
0.007580
0.001495
0.008530
0.013736
0.019551
0.001389
0.001416
0.018558
0.001501
0.011451
0.018126
0.010443
0.015811
0.021113
0.001482
0.001857
0.017572
0.001417
0.001363
0.025745
0.015159
0.014531
0.001579
0.001638
0.019259
0.001606
0.023595
0.015503
0.014271
rank:1	length:370	cost:6.20
The output file /global/cscratch1/sd/jialin/bosslover/scaling-test/ost2/3015681.h5 is not existed, your job will create a new file
Number of processes 32
length of global_fiber: 9351
Get fiber metadata costs: 9.89
Allreduce dics costs: 3.95
Template creation time: 3.58
0.006572
0.004300
0.002243
0.022804
0.001904
0.017982
0.009052
0.001855
0.018319
0.002087
0.015220
0.013849
0.023032
0.001830
0.016059
0.014824
0.021151
0.001872
0.017044
0.001699
0.017002
0.018888
0.018008
0.001699
0.002558
0.018316
0.011767
0.001620
0.012319
0.016106
0.015183
0.013807
0.014866
0.001987
0.017449
0.001689
0.009802
0.002186
0.002495
0.022643
0.014219
0.016805
0.018278
0.002410
0.002495
0.002111
0.016183
0.002874
0.022610
0.010110
0.012793
0.013743
0.002299
0.002278
0.001763
0.030569
0.017440
0.001673
0.002351
0.025838
0.018027
0.002006
0.017681
0.016767
0.001665
0.012714
0.019127
0.020654
0.003767
0.001724
0.019347
0.016119
0.016491
0.003048
0.006579
0.001738
0.015901
0.001834
0.002166
0.001877
0.035606
0.021105
0.015002
0.014862
0.017336
0.018202
0.001767
0.002536
0.001802
0.022595
0.001683
0.014330
0.017119
0.001945
0.002018
0.019131
0.001840
0.018463
0.001497
0.020669
0.018234
0.002040
0.004051
0.015871
0.001837
0.001883
0.015865
0.003047
0.015074
0.018812
0.002339
0.002169
0.001767
0.001606
0.018022
0.002423
0.015641
0.016700
0.012247
0.015069
0.017792
0.015968
0.018563
0.012978
0.001783
0.014678
0.011977
0.018346
0.001848
0.009594
0.017741
0.016287
0.015261
0.001896
0.002002
0.002588
0.013484
0.002230
0.002838
0.015694
0.007213
0.020272
0.001710
0.029095
0.018127
0.002193
0.018047
0.002398
0.002156
0.047507
0.017389
0.010455
0.001646
0.018670
0.015255
0.016619
0.017639
0.001766
0.014623
0.013176
0.001872
0.019227
0.016608
0.009449
0.002175
0.012576
0.001887
0.011233
0.013311
0.001593
0.001760
0.001574
0.001771
0.027820
0.014585
0.017927
0.002266
0.001682
0.002055
0.016678
0.014266
0.019428
0.002091
0.012477
0.001849
0.031220
0.018253
0.015473
0.001904
0.001921
0.014600
0.012302
0.012797
0.018013
0.001855
0.023143
0.001883
0.010132
0.016216
0.022829
0.016501
0.019083
0.015081
0.001870
0.002111
0.015562
0.033784
0.020674
0.007911
0.001721
0.014533
0.001786
0.001837
0.002135
0.014994
0.002040
0.012233
0.001797
0.013271
0.016690
0.001915
0.016839
0.014759
0.001657
0.017857
0.002257
0.001533
0.012422
0.002441
0.015829
0.017985
0.001697
0.014578
0.012093
0.001472
0.001637
0.011994
0.001502
0.018062
0.001713
0.012233
0.017720
0.001822
0.005318
0.001672
0.038894
0.017755
0.001803
0.016432
0.015011
0.013791
0.017217
0.001819
0.012658
0.001683
0.001460
0.001889
0.001749
0.013277
0.014913
0.029338
0.010604
0.001865
0.017433
0.001634
0.021741
0.015331
0.001974
0.023877
0.019275
0.001511
0.001799
0.012194
0.006289
0.022171
0.007974
0.022976
0.001926
0.001626
0.001691
0.009759
0.001559
0.001694
0.012080
0.012397
0.011421
0.001519
0.016028
0.009049
0.013670
0.020944
0.001523
0.014617
0.009873
0.013788
0.011973
0.019866
0.009343
rank:0	length:298	cost:6.06
Fiber copy: 6.06
Total Cost: 24.77
